
epoch:1
-->name:fc1.weight-->grad_requirs:True -->grad_value:tensor([[0.0000, 0.0000, 0.0000,  ..., 0.0000, 0.0000, 0.0000],
        [0.0000, 0.0000, 0.0000,  ..., 0.0000, 0.0000, 0.0000],
        [0.0034, 0.0034, 0.0034,  ..., 0.0034, 0.0034, 0.0034],
        ...,
        [0.0000, 0.0000, 0.0000,  ..., 0.0000, 0.0000, 0.0000],
        [0.0050, 0.0050, 0.0050,  ..., 0.0050, 0.0050, 0.0050],
        [0.0000, 0.0000, 0.0000,  ..., 0.0000, 0.0000, 0.0000]])
epoch:1
-->name:fc1.bias-->grad_requirs:True -->grad_value:tensor([ 0.0000,  0.0000, -0.0034,  0.0008,  0.0054,  0.0000,  0.0039,  0.0000,
         0.0000,  0.0087,  0.0000, -0.0061,  0.0000,  0.0000,  0.0244, -0.0068,
         0.0000,  0.0000, -0.0194,  0.0000, -0.0032, -0.0029, -0.0044,  0.0132,
         0.0000,  0.0383,  0.0000,  0.0000, -0.0050,  0.0000])
epoch:1
-->name:fc2.weight-->grad_requirs:True -->grad_value:tensor([[ 0.0000e+00,  0.0000e+00,  9.5428e-02,  1.3812e-01,  1.8012e-01,
          0.0000e+00,  1.7804e-01,  0.0000e+00,  0.0000e+00,  1.1124e-01,
          0.0000e+00,  6.3293e-03,  0.0000e+00,  0.0000e+00,  1.4234e-01,
          1.7112e-01,  0.0000e+00,  0.0000e+00,  1.7775e-01,  0.0000e+00,
          5.7150e-02,  3.2145e-02,  1.4339e-02, -5.0612e-03,  0.0000e+00,
          1.0757e-01,  0.0000e+00,  0.0000e+00,  1.1226e-01,  0.0000e+00],
        [ 0.0000e+00,  0.0000e+00,  0.0000e+00,  0.0000e+00,  0.0000e+00,
          0.0000e+00,  0.0000e+00,  0.0000e+00,  0.0000e+00,  0.0000e+00,
          0.0000e+00,  0.0000e+00,  0.0000e+00,  0.0000e+00,  0.0000e+00,
          0.0000e+00,  0.0000e+00,  0.0000e+00,  0.0000e+00,  0.0000e+00,
          0.0000e+00,  0.0000e+00,  0.0000e+00,  0.0000e+00,  0.0000e+00,
          0.0000e+00,  0.0000e+00,  0.0000e+00,  0.0000e+00,  0.0000e+00],
        [ 0.0000e+00,  0.0000e+00,  1.7139e-01,  2.1179e-01,  3.2013e-01,
          0.0000e+00,  3.2473e-01,  0.0000e+00,  0.0000e+00,  1.3699e-01,
          0.0000e+00,  8.5338e-03,  0.0000e+00,  0.0000e+00,  1.4191e-01,
          2.7274e-01,  0.0000e+00,  0.0000e+00,  1.4309e-01,  0.0000e+00,
          1.5224e-01,  1.5991e-03,  4.6280e-02,  1.9453e-01,  0.0000e+00,
          5.8416e-02,  0.0000e+00,  0.0000e+00,  1.5197e-01,  0.0000e+00],
        [ 0.0000e+00,  0.0000e+00, -7.3357e-03,  1.6100e-01,  3.5497e-02,
          0.0000e+00,  1.4228e-01,  0.0000e+00,  0.0000e+00,  8.2538e-02,
          0.0000e+00, -7.1503e-03,  0.0000e+00,  0.0000e+00,  1.0949e-01,
          9.0398e-02,  0.0000e+00,  0.0000e+00,  2.1638e-02,  0.0000e+00,
          6.9322e-02,  1.4897e-02, -6.6631e-03,  9.4809e-02,  0.0000e+00,
          8.6217e-02,  0.0000e+00,  0.0000e+00,  2.6305e-03,  0.0000e+00],
        [ 0.0000e+00,  0.0000e+00,  2.0167e-01,  2.3843e-01,  3.2305e-01,
          0.0000e+00,  3.4273e-01,  0.0000e+00,  0.0000e+00,  1.4350e-01,
          0.0000e+00,  9.4661e-03,  0.0000e+00,  0.0000e+00,  1.6456e-01,
          3.2076e-01,  0.0000e+00,  0.0000e+00,  1.3776e-01,  0.0000e+00,
          1.8002e-01, -2.4553e-02,  4.4633e-02,  2.4152e-01,  0.0000e+00,
          4.3702e-02,  0.0000e+00,  0.0000e+00,  1.5159e-01,  0.0000e+00],
        [ 0.0000e+00,  0.0000e+00, -2.7810e-02, -1.7756e-01, -1.3518e-01,
          0.0000e+00, -1.8391e-01,  0.0000e+00,  0.0000e+00, -1.4153e-01,
          0.0000e+00, -3.6571e-04,  0.0000e+00,  0.0000e+00, -1.4694e-01,
         -1.5173e-01,  0.0000e+00,  0.0000e+00, -1.7910e-01,  0.0000e+00,
         -7.7552e-02, -1.4019e-01, -2.0554e-02, -2.6260e-03,  0.0000e+00,
         -1.5063e-01,  0.0000e+00,  0.0000e+00, -5.2047e-02,  0.0000e+00],
        [ 0.0000e+00,  0.0000e+00,  1.1198e-04,  1.8523e-02,  2.6904e-02,
          0.0000e+00,  2.9089e-02,  0.0000e+00,  0.0000e+00,  9.8066e-03,
          0.0000e+00,  0.0000e+00,  0.0000e+00,  0.0000e+00,  0.0000e+00,
          4.6010e-03,  0.0000e+00,  0.0000e+00, -3.2003e-04,  0.0000e+00,
         -5.4461e-05,  1.5494e-02,  4.2637e-03,  2.2309e-02,  0.0000e+00,
          3.9034e-03,  0.0000e+00,  0.0000e+00,  2.4264e-02,  0.0000e+00],
        [ 0.0000e+00,  0.0000e+00,  2.0827e-02,  7.5221e-02,  6.5874e-03,
          0.0000e+00,  7.5151e-02,  0.0000e+00,  0.0000e+00,  2.6068e-02,
          0.0000e+00,  4.9684e-03,  0.0000e+00,  0.0000e+00,  3.6755e-02,
          5.3232e-02,  0.0000e+00,  0.0000e+00, -4.7003e-02,  0.0000e+00,
          5.1109e-02, -3.8700e-02, -3.0487e-03,  1.1672e-01,  0.0000e+00,
         -6.9816e-04,  0.0000e+00,  0.0000e+00, -4.9131e-03,  0.0000e+00],
        [ 0.0000e+00,  0.0000e+00,  0.0000e+00,  0.0000e+00,  0.0000e+00,
          0.0000e+00,  0.0000e+00,  0.0000e+00,  0.0000e+00,  0.0000e+00,
          0.0000e+00,  0.0000e+00,  0.0000e+00,  0.0000e+00,  0.0000e+00,
          0.0000e+00,  0.0000e+00,  0.0000e+00,  0.0000e+00,  0.0000e+00,
          0.0000e+00,  0.0000e+00,  0.0000e+00,  0.0000e+00,  0.0000e+00,
          0.0000e+00,  0.0000e+00,  0.0000e+00,  0.0000e+00,  0.0000e+00],
        [ 0.0000e+00,  0.0000e+00,  1.7596e-02,  3.5797e-02,  6.3062e-02,
          0.0000e+00,  7.7907e-03,  0.0000e+00,  0.0000e+00,  3.2911e-02,
          0.0000e+00,  1.4187e-03,  0.0000e+00,  0.0000e+00,  5.3282e-02,
          4.1308e-02,  0.0000e+00,  0.0000e+00,  1.1802e-01,  0.0000e+00,
         -2.8233e-02,  6.1182e-02, -2.1891e-03, -8.4519e-02,  0.0000e+00,
          7.7268e-02,  0.0000e+00,  0.0000e+00,  4.7595e-02,  0.0000e+00],
        [ 0.0000e+00,  0.0000e+00,  2.9681e-02,  1.3861e-02,  4.1342e-02,
          0.0000e+00,  1.1336e-02,  0.0000e+00,  0.0000e+00,  2.2544e-03,
          0.0000e+00,  0.0000e+00,  0.0000e+00,  0.0000e+00,  1.5919e-02,
          2.9750e-02,  0.0000e+00,  0.0000e+00,  2.7546e-02,  0.0000e+00,
         -7.8266e-03, -1.2228e-02, -1.3205e-03, -1.3971e-03,  0.0000e+00,
          3.1722e-03,  0.0000e+00,  0.0000e+00,  3.9410e-02,  0.0000e+00],
        [ 0.0000e+00,  0.0000e+00, -8.4452e-02, -6.7714e-02, -1.3285e-01,
          0.0000e+00, -9.3197e-02,  0.0000e+00,  0.0000e+00, -4.9714e-02,
          0.0000e+00, -6.7832e-03,  0.0000e+00,  0.0000e+00, -6.5498e-02,
         -1.0699e-01,  0.0000e+00,  0.0000e+00, -9.6706e-02,  0.0000e+00,
         -1.9947e-02,  1.5592e-03, -9.9236e-03, -1.2011e-02,  0.0000e+00,
         -3.6243e-02,  0.0000e+00,  0.0000e+00, -9.9571e-02,  0.0000e+00],
        [ 0.0000e+00,  0.0000e+00,  0.0000e+00,  0.0000e+00,  0.0000e+00,
          0.0000e+00,  0.0000e+00,  0.0000e+00,  0.0000e+00,  0.0000e+00,
          0.0000e+00,  0.0000e+00,  0.0000e+00,  0.0000e+00,  0.0000e+00,
          0.0000e+00,  0.0000e+00,  0.0000e+00,  0.0000e+00,  0.0000e+00,
          0.0000e+00,  0.0000e+00,  0.0000e+00,  0.0000e+00,  0.0000e+00,
          0.0000e+00,  0.0000e+00,  0.0000e+00,  0.0000e+00,  0.0000e+00],
        [ 0.0000e+00,  0.0000e+00,  0.0000e+00,  0.0000e+00,  0.0000e+00,
          0.0000e+00,  0.0000e+00,  0.0000e+00,  0.0000e+00,  0.0000e+00,
          0.0000e+00,  0.0000e+00,  0.0000e+00,  0.0000e+00,  0.0000e+00,
          0.0000e+00,  0.0000e+00,  0.0000e+00,  0.0000e+00,  0.0000e+00,
          0.0000e+00,  0.0000e+00,  0.0000e+00,  0.0000e+00,  0.0000e+00,
          0.0000e+00,  0.0000e+00,  0.0000e+00,  0.0000e+00,  0.0000e+00],
        [ 0.0000e+00,  0.0000e+00, -2.7192e-03, -7.2590e-03, -2.7092e-04,
          0.0000e+00, -9.5525e-03,  0.0000e+00,  0.0000e+00, -4.6408e-03,
          0.0000e+00, -2.0714e-03,  0.0000e+00,  0.0000e+00, -7.1548e-03,
         -5.6143e-03,  0.0000e+00,  0.0000e+00,  3.6888e-04,  0.0000e+00,
         -3.8790e-03, -4.0405e-04, -4.6547e-04, -8.4619e-03,  0.0000e+00,
          3.3072e-03,  0.0000e+00,  0.0000e+00, -2.4418e-03,  0.0000e+00],
        [ 0.0000e+00,  0.0000e+00, -1.9083e-03, -2.0713e-03, -1.6100e-03,
          0.0000e+00, -2.3647e-03,  0.0000e+00,  0.0000e+00, -2.9990e-03,
          0.0000e+00, -2.7601e-04,  0.0000e+00,  0.0000e+00, -5.4866e-04,
         -1.1407e-03,  0.0000e+00,  0.0000e+00, -9.9987e-04,  0.0000e+00,
         -7.1560e-04, -2.6107e-04, -6.3822e-04, -7.3034e-04,  0.0000e+00,
         -5.9093e-04,  0.0000e+00,  0.0000e+00, -2.2037e-03,  0.0000e+00],
        [ 0.0000e+00,  0.0000e+00, -1.1569e-01, -1.2920e-01, -2.0170e-01,
          0.0000e+00, -1.2560e-01,  0.0000e+00,  0.0000e+00, -6.8922e-02,
          0.0000e+00, -3.7902e-03,  0.0000e+00,  0.0000e+00, -1.2959e-01,
         -1.6489e-01,  0.0000e+00,  0.0000e+00, -1.7399e-01,  0.0000e+00,
          1.2975e-02, -8.8786e-03,  1.8966e-03,  1.2911e-02,  0.0000e+00,
         -8.3422e-02,  0.0000e+00,  0.0000e+00, -1.8440e-01,  0.0000e+00],
        [ 0.0000e+00,  0.0000e+00,  7.9371e-03,  1.4086e-02,  7.5151e-02,
          0.0000e+00,  2.4630e-02,  0.0000e+00,  0.0000e+00,  2.6079e-03,
          0.0000e+00, -9.7245e-03,  0.0000e+00,  0.0000e+00, -9.4257e-03,
          2.9059e-02,  0.0000e+00,  0.0000e+00,  4.1041e-02,  0.0000e+00,
          1.4603e-02,  5.3482e-02,  1.7921e-02,  1.9826e-02,  0.0000e+00,
          1.0523e-03,  0.0000e+00,  0.0000e+00,  1.3790e-02,  0.0000e+00],
        [ 0.0000e+00,  0.0000e+00,  6.7031e-02,  1.4551e-01,  1.7316e-01,
          0.0000e+00,  1.5321e-01,  0.0000e+00,  0.0000e+00,  8.0898e-02,
          0.0000e+00, -1.5300e-03,  0.0000e+00,  0.0000e+00,  1.1545e-01,
          1.3672e-01,  0.0000e+00,  0.0000e+00,  1.3170e-01,  0.0000e+00,
          1.7014e-02,  3.8361e-02,  4.7209e-03,  2.9842e-02,  0.0000e+00,
          9.0399e-02,  0.0000e+00,  0.0000e+00,  1.3356e-01,  0.0000e+00],
        [ 0.0000e+00,  0.0000e+00, -1.7337e-02, -1.6648e-01, -3.9295e-02,
          0.0000e+00,  1.2226e-01,  0.0000e+00,  0.0000e+00, -8.7736e-02,
          0.0000e+00,  6.2516e-03,  0.0000e+00,  0.0000e+00, -2.6090e-01,
         -1.2037e-01,  0.0000e+00,  0.0000e+00, -4.0226e-01,  0.0000e+00,
          2.0564e-01, -1.9259e-01,  7.4925e-02,  3.9764e-01,  0.0000e+00,
         -2.9772e-01,  0.0000e+00,  0.0000e+00, -1.8701e-01,  0.0000e+00],
        [ 0.0000e+00,  0.0000e+00,  3.8857e-02,  6.4758e-02,  8.9472e-02,
          0.0000e+00,  1.3460e-01,  0.0000e+00,  0.0000e+00,  5.9205e-02,
          0.0000e+00,  3.1719e-03,  0.0000e+00,  0.0000e+00,  2.8634e-02,
          6.9810e-02,  0.0000e+00,  0.0000e+00,  1.4717e-02,  0.0000e+00,
          7.1088e-02,  1.0147e-02,  2.4557e-02,  8.9530e-02,  0.0000e+00,
          3.1120e-03,  0.0000e+00,  0.0000e+00,  4.1951e-02,  0.0000e+00],
        [ 0.0000e+00,  0.0000e+00, -2.5145e-02, -1.7325e-01, -7.7362e-02,
          0.0000e+00, -7.0334e-02,  0.0000e+00,  0.0000e+00, -1.2040e-01,
          0.0000e+00, -2.5130e-03,  0.0000e+00,  0.0000e+00, -1.9604e-01,
         -1.2527e-01,  0.0000e+00,  0.0000e+00, -2.3754e-01,  0.0000e+00,
          4.2256e-02, -1.1834e-01,  2.6330e-02,  1.4905e-01,  0.0000e+00,
         -2.0621e-01,  0.0000e+00,  0.0000e+00, -1.1566e-01,  0.0000e+00],
        [ 0.0000e+00,  0.0000e+00,  0.0000e+00,  0.0000e+00,  0.0000e+00,
          0.0000e+00,  0.0000e+00,  0.0000e+00,  0.0000e+00,  0.0000e+00,
          0.0000e+00,  0.0000e+00,  0.0000e+00,  0.0000e+00,  0.0000e+00,
          0.0000e+00,  0.0000e+00,  0.0000e+00,  0.0000e+00,  0.0000e+00,
          0.0000e+00,  0.0000e+00,  0.0000e+00,  0.0000e+00,  0.0000e+00,
          0.0000e+00,  0.0000e+00,  0.0000e+00,  0.0000e+00,  0.0000e+00],
        [ 0.0000e+00,  0.0000e+00, -9.5353e-02, -2.1660e-01, -1.9954e-01,
          0.0000e+00, -2.0826e-01,  0.0000e+00,  0.0000e+00, -1.3399e-01,
          0.0000e+00, -9.1431e-04,  0.0000e+00,  0.0000e+00, -1.9691e-01,
         -2.0780e-01,  0.0000e+00,  0.0000e+00, -1.9885e-01,  0.0000e+00,
         -4.4474e-02, -3.7963e-02,  1.4926e-03, -1.4221e-02,  0.0000e+00,
         -1.5258e-01,  0.0000e+00,  0.0000e+00, -1.5209e-01,  0.0000e+00],
        [ 0.0000e+00,  0.0000e+00, -1.1591e-01, -1.1518e-01, -1.6345e-01,
          0.0000e+00, -9.4872e-02,  0.0000e+00,  0.0000e+00, -5.4870e-02,
          0.0000e+00, -7.9674e-03,  0.0000e+00,  0.0000e+00, -1.0994e-01,
         -1.4511e-01,  0.0000e+00,  0.0000e+00, -1.2689e-01,  0.0000e+00,
          1.2344e-02,  2.4489e-02,  8.2077e-03, -8.2607e-03,  0.0000e+00,
         -6.3011e-02,  0.0000e+00,  0.0000e+00, -1.5857e-01,  0.0000e+00],
        [ 0.0000e+00,  0.0000e+00,  6.4691e-03,  6.6524e-04,  1.8379e-02,
          0.0000e+00,  5.8686e-03,  0.0000e+00,  0.0000e+00,  3.9319e-03,
          0.0000e+00, -1.1480e-03,  0.0000e+00,  0.0000e+00, -9.3311e-04,
          8.7315e-03,  0.0000e+00,  0.0000e+00,  1.5404e-02,  0.0000e+00,
          3.8985e-03,  1.3787e-02,  5.1007e-03, -2.0928e-03,  0.0000e+00,
          7.9698e-06,  0.0000e+00,  0.0000e+00,  6.0906e-03,  0.0000e+00],
        [ 0.0000e+00,  0.0000e+00,  0.0000e+00,  0.0000e+00,  0.0000e+00,
          0.0000e+00,  0.0000e+00,  0.0000e+00,  0.0000e+00,  0.0000e+00,
          0.0000e+00,  0.0000e+00,  0.0000e+00,  0.0000e+00,  0.0000e+00,
          0.0000e+00,  0.0000e+00,  0.0000e+00,  0.0000e+00,  0.0000e+00,
          0.0000e+00,  0.0000e+00,  0.0000e+00,  0.0000e+00,  0.0000e+00,
          0.0000e+00,  0.0000e+00,  0.0000e+00,  0.0000e+00,  0.0000e+00],
        [ 0.0000e+00,  0.0000e+00, -8.1704e-03,  2.7066e-02,  3.3618e-02,
          0.0000e+00,  1.6018e-02,  0.0000e+00,  0.0000e+00, -9.9614e-04,
          0.0000e+00, -4.9017e-03,  0.0000e+00,  0.0000e+00,  0.0000e+00,
          7.3745e-03,  0.0000e+00,  0.0000e+00,  8.4400e-03,  0.0000e+00,
         -1.4772e-02,  3.9832e-02,  2.3662e-03,  2.5026e-02,  0.0000e+00,
          4.7300e-03,  0.0000e+00,  0.0000e+00,  3.0043e-02,  0.0000e+00],
        [ 0.0000e+00,  0.0000e+00,  0.0000e+00,  0.0000e+00,  0.0000e+00,
          0.0000e+00,  0.0000e+00,  0.0000e+00,  0.0000e+00,  0.0000e+00,
          0.0000e+00,  0.0000e+00,  0.0000e+00,  0.0000e+00,  0.0000e+00,
          0.0000e+00,  0.0000e+00,  0.0000e+00,  0.0000e+00,  0.0000e+00,
          0.0000e+00,  0.0000e+00,  0.0000e+00,  0.0000e+00,  0.0000e+00,
          0.0000e+00,  0.0000e+00,  0.0000e+00,  0.0000e+00,  0.0000e+00],
        [ 0.0000e+00,  0.0000e+00,  3.0576e-03,  6.7982e-02, -6.6028e-03,
          0.0000e+00, -4.8120e-02,  0.0000e+00,  0.0000e+00,  4.6523e-02,
          0.0000e+00, -4.2178e-03,  0.0000e+00,  0.0000e+00,  1.4339e-01,
          5.0537e-02,  0.0000e+00,  0.0000e+00,  1.9003e-01,  0.0000e+00,
         -8.5116e-02,  4.2392e-02, -4.2475e-02, -2.1833e-01,  0.0000e+00,
          1.5348e-01,  0.0000e+00,  0.0000e+00,  6.6461e-02,  0.0000e+00]])
epoch:1
-->name:fc2.bias-->grad_requirs:True -->grad_value:tensor([ 1.5263e-02,  0.0000e+00,  2.6064e-02,  1.1703e-02,  2.8417e-02,
        -1.7507e-02,  1.6773e-03,  5.5719e-03,  0.0000e+00,  3.0052e-03,
         1.2689e-03, -8.1513e-03,  0.0000e+00,  0.0000e+00, -6.0407e-04,
        -1.9038e-04, -1.1341e-02,  3.2891e-03,  1.2771e-02, -1.4894e-03,
         9.2501e-03, -1.0180e-02,  0.0000e+00, -1.8577e-02, -9.3415e-03,
         8.1394e-04,  0.0000e+00,  1.3353e-03,  0.0000e+00,  8.3627e-05])
epoch:1
-->name:fc3.weight-->grad_requirs:True -->grad_value:tensor([[ 2.3841e-04,  0.0000e+00, -1.6706e-02, -4.6606e-02,  8.7287e-05,
         -1.8380e-02,  5.3954e-07, -5.2848e-02,  0.0000e+00, -9.6785e-02,
         -1.7402e-02, -8.7919e-02,  0.0000e+00,  0.0000e+00,  1.4692e-06,
         -2.9559e-04, -8.8964e-02, -5.3795e-03, -8.9482e-02, -4.5382e-02,
          2.6901e-04, -2.3018e-02,  0.0000e+00, -4.9533e-02, -4.1600e-02,
         -3.2190e-03,  0.0000e+00, -1.4704e-02,  0.0000e+00, -5.9619e-02],
        [-2.0244e-02,  0.0000e+00, -1.2913e-02, -1.2307e-02, -1.0990e-02,
          9.8715e-07,  3.3233e-10, -1.1657e-03,  0.0000e+00, -1.0397e-03,
          4.5092e-06, -8.7835e-03,  0.0000e+00,  0.0000e+00, -6.2409e-03,
          5.3141e-07, -2.0984e-02, -2.9353e-02,  1.3237e-04,  4.2724e-04,
         -3.0826e-02, -3.3855e-02,  0.0000e+00,  6.6806e-04, -1.6740e-02,
         -3.0513e-04,  0.0000e+00,  4.5497e-05,  0.0000e+00, -2.8101e-02],
        [-2.7829e-01,  0.0000e+00,  6.2473e-02,  1.7624e-01, -1.2671e-02,
          1.5736e-03,  1.1940e-06,  1.9090e-01,  0.0000e+00, -2.8632e-01,
         -4.2988e-02,  3.3054e-02,  0.0000e+00,  0.0000e+00, -7.3320e-03,
          2.6600e-04,  2.0775e-01,  3.0752e-01, -6.9139e-02, -2.6855e-01,
          1.4471e-01,  2.7019e-01,  0.0000e+00,  1.6610e-01, -1.3784e-03,
          2.9683e-04,  0.0000e+00,  3.2306e-02,  0.0000e+00, -3.6072e-01],
        [ 7.0639e-01,  0.0000e+00,  4.3359e-01,  3.0489e-02,  2.4874e-01,
          6.3851e-03,  6.6486e-08,  3.8104e-03,  0.0000e+00,  7.3418e-01,
          1.4463e-01,  1.2078e-01,  0.0000e+00,  0.0000e+00,  6.2793e-04,
          7.9809e-04,  3.5632e-01,  1.4831e-02,  2.9007e-01,  5.0813e-01,
          3.6379e-01,  1.9750e-01,  0.0000e+00,  6.1676e-02,  1.3500e-01,
          1.6592e-05,  0.0000e+00,  2.5098e-03,  0.0000e+00,  7.5036e-01],
        [ 7.8754e-03,  0.0000e+00,  2.8858e-03,  2.2598e-03,  4.5207e-02,
          5.2605e-04,  6.6607e-03,  6.3155e-02,  0.0000e+00,  2.5808e-03,
          2.6061e-05,  2.9629e-02,  0.0000e+00,  0.0000e+00,  5.2897e-06,
          2.2636e-06,  3.5555e-02,  2.4484e-03,  1.1737e-02,  1.8837e-02,
          2.5638e-02,  2.5154e-03,  0.0000e+00,  4.6750e-02,  2.6279e-02,
          5.9706e-06,  0.0000e+00,  2.2984e-02,  0.0000e+00,  3.6102e-02],
        [-1.7317e-01,  0.0000e+00, -3.2081e-01, -1.5002e-01, -2.0905e-01,
          1.2555e-02,  5.8831e-07, -1.4351e-01,  0.0000e+00, -3.0421e-02,
          1.0379e-02,  3.0623e-02,  0.0000e+00,  0.0000e+00,  1.6986e-04,
         -1.1034e-03, -1.8974e-01, -2.9039e-01,  3.6690e-02, -2.7626e-02,
         -1.8242e-01, -3.8946e-01,  0.0000e+00, -1.4393e-01,  8.7545e-03,
          1.8845e-03,  0.0000e+00,  5.8072e-03,  0.0000e+00, -9.9427e-02],
        [-1.1354e-03,  0.0000e+00, -3.2231e-02, -2.2422e-02,  1.2144e-02,
         -7.3058e-03,  7.3162e-06, -1.4342e-02,  0.0000e+00, -2.1986e-02,
          2.6801e-03, -2.3307e-02,  0.0000e+00,  0.0000e+00,  1.7350e-04,
          8.7241e-08, -2.4819e-03, -3.5798e-02, -3.1533e-02, -2.4022e-03,
         -9.6714e-04, -1.7653e-02,  0.0000e+00, -3.1655e-02,  2.4704e-03,
          4.6251e-04,  0.0000e+00, -3.9763e-02,  0.0000e+00,  6.7367e-03],
        [ 3.6790e-02,  0.0000e+00,  2.3656e-02,  4.1626e-03,  2.2327e-02,
          5.5950e-06,  9.9329e-06,  1.4630e-03,  0.0000e+00,  1.0327e-02,
          3.0447e-05,  2.5513e-03,  0.0000e+00,  0.0000e+00,  7.6008e-03,
         -8.0731e-04,  2.1729e-02,  1.7919e-02,  1.3835e-04,  1.8192e-02,
          2.8094e-02,  3.4471e-02,  0.0000e+00,  2.7495e-03,  1.2304e-02,
          4.6599e-06,  0.0000e+00,  8.7942e-05,  0.0000e+00,  2.6508e-02],
        [-2.7496e-01,  0.0000e+00, -1.4272e-01,  1.4590e-02, -5.2004e-02,
          3.3611e-03,  8.1555e-06,  1.0799e-02,  0.0000e+00, -3.1905e-01,
         -9.8641e-02, -7.6258e-02,  0.0000e+00,  0.0000e+00,  4.5470e-03,
          6.7799e-04, -2.9348e-01,  1.6191e-02, -1.4632e-01, -1.8748e-01,
         -3.2654e-01, -4.3926e-02,  0.0000e+00, -1.1867e-02, -1.0364e-01,
          6.0960e-04,  0.0000e+00,  1.0600e-02,  0.0000e+00, -2.4431e-01],
        [-3.4939e-03,  0.0000e+00,  2.7747e-03,  3.6113e-03, -4.3791e-02,
          1.2781e-03, -6.6885e-03, -5.8261e-02,  0.0000e+00,  8.5105e-03,
          1.2792e-03, -2.0372e-02,  0.0000e+00,  0.0000e+00,  4.4702e-04,
          4.6133e-04, -2.5704e-02,  2.0107e-03, -2.2871e-03, -1.4142e-02,
         -2.1748e-02,  3.2312e-03,  0.0000e+00, -4.0957e-02, -2.1453e-02,
          2.4343e-04,  0.0000e+00, -1.9874e-02,  0.0000e+00, -2.7531e-02]])
epoch:1
-->name:fc3.bias-->grad_requirs:True -->grad_value:tensor([-0.0077, -0.0037,  0.0124,  0.0655,  0.0053, -0.0466, -0.0035,  0.0040,
        -0.0217, -0.0040])
epoch:2
-->name:fc1.weight-->grad_requirs:True -->grad_value:tensor([[ 0.0000,  0.0000,  0.0000,  ...,  0.0000,  0.0000,  0.0000],
        [ 0.0000,  0.0000,  0.0000,  ...,  0.0000,  0.0000,  0.0000],
        [ 0.0127,  0.0127,  0.0127,  ...,  0.0127,  0.0127,  0.0127],
        ...,
        [ 0.0000,  0.0000,  0.0000,  ...,  0.0000,  0.0000,  0.0000],
        [-0.0271, -0.0271, -0.0271,  ..., -0.0271, -0.0271, -0.0271],
        [ 0.0000,  0.0000,  0.0000,  ...,  0.0000,  0.0000,  0.0000]])
epoch:2
-->name:fc1.bias-->grad_requirs:True -->grad_value:tensor([ 0.0000,  0.0000, -0.0127,  0.0007, -0.0021,  0.0000,  0.0055,  0.0000,
         0.0000,  0.0012,  0.0000, -0.0057,  0.0000,  0.0000,  0.0191,  0.0163,
         0.0000,  0.0000, -0.0170,  0.0000, -0.0118, -0.0261, -0.0175,  0.0223,
         0.0000,  0.0176,  0.0000,  0.0000,  0.0271,  0.0000])
epoch:2
-->name:fc2.weight-->grad_requirs:True -->grad_value:tensor([[ 0.0000e+00,  0.0000e+00, -3.6706e-03,  5.6947e-02, -4.3453e-03,
          0.0000e+00,  3.1614e-02,  0.0000e+00,  0.0000e+00,  4.1767e-02,
          0.0000e+00,  3.9102e-03,  0.0000e+00,  0.0000e+00,  6.5831e-02,
          2.6516e-02,  0.0000e+00,  0.0000e+00,  5.6231e-02,  0.0000e+00,
         -2.5564e-02,  2.7601e-02, -1.6868e-02, -5.1175e-02,  0.0000e+00,
          6.0709e-02,  0.0000e+00,  0.0000e+00,  3.9507e-02,  0.0000e+00],
        [ 0.0000e+00,  0.0000e+00, -3.3121e-04, -4.4987e-04, -2.5852e-04,
          0.0000e+00, -3.8506e-05,  0.0000e+00,  0.0000e+00, -4.7559e-04,
          0.0000e+00,  0.0000e+00,  0.0000e+00,  0.0000e+00,  0.0000e+00,
         -3.9080e-04,  0.0000e+00,  0.0000e+00, -5.1869e-04,  0.0000e+00,
         -8.6702e-05, -8.2911e-04,  0.0000e+00,  0.0000e+00,  0.0000e+00,
         -7.9661e-05,  0.0000e+00,  0.0000e+00, -1.4921e-04,  0.0000e+00],
        [ 0.0000e+00,  0.0000e+00,  1.3332e-01,  1.4521e-01,  3.0875e-01,
          0.0000e+00,  1.5065e-01,  0.0000e+00,  0.0000e+00,  1.4240e-01,
          0.0000e+00,  1.0462e-02,  0.0000e+00,  0.0000e+00,  5.1592e-02,
          2.4924e-01,  0.0000e+00,  0.0000e+00,  8.3884e-02,  0.0000e+00,
          2.0824e-01,  4.4645e-02,  7.1851e-02,  2.1733e-01,  0.0000e+00,
          1.2622e-02,  0.0000e+00,  0.0000e+00,  4.3099e-02,  0.0000e+00],
        [ 0.0000e+00,  0.0000e+00, -5.9724e-02,  5.0624e-02, -9.6641e-02,
          0.0000e+00,  2.2622e-02,  0.0000e+00,  0.0000e+00, -4.0302e-02,
          0.0000e+00, -3.9493e-03,  0.0000e+00,  0.0000e+00,  1.1574e-02,
         -7.1436e-02,  0.0000e+00,  0.0000e+00, -1.4827e-01,  0.0000e+00,
          1.1518e-04, -1.0787e-01, -8.7780e-04,  9.6034e-02,  0.0000e+00,
         -9.4106e-05,  0.0000e+00,  0.0000e+00, -4.5892e-02,  0.0000e+00],
        [ 0.0000e+00,  0.0000e+00,  1.0958e-01,  1.3092e-01,  2.3522e-01,
          0.0000e+00,  1.2695e-01,  0.0000e+00,  0.0000e+00,  9.5882e-02,
          0.0000e+00,  1.1206e-02,  0.0000e+00,  0.0000e+00,  3.4939e-02,
          2.0458e-01,  0.0000e+00,  0.0000e+00,  9.2835e-03,  0.0000e+00,
          1.9495e-01, -9.5979e-03,  6.3917e-02,  2.5253e-01,  0.0000e+00,
         -1.0215e-02,  0.0000e+00,  0.0000e+00,  1.3390e-02,  0.0000e+00],
        [ 0.0000e+00,  0.0000e+00, -1.5745e-01, -3.2215e-01, -4.8192e-01,
          0.0000e+00, -2.4616e-01,  0.0000e+00,  0.0000e+00, -3.6926e-01,
          0.0000e+00,  0.0000e+00,  0.0000e+00,  0.0000e+00, -2.4609e-01,
         -4.4713e-01,  0.0000e+00,  0.0000e+00, -4.3359e-01,  0.0000e+00,
         -2.3222e-01, -2.9227e-01, -5.2297e-02,  1.9981e-05,  0.0000e+00,
         -2.2568e-01,  0.0000e+00,  0.0000e+00, -1.5752e-01,  0.0000e+00],
        [ 0.0000e+00,  0.0000e+00,  8.1099e-04,  1.1362e-02,  1.7282e-02,
          0.0000e+00,  6.8150e-03,  0.0000e+00,  0.0000e+00,  4.8752e-03,
          0.0000e+00,  0.0000e+00,  0.0000e+00,  0.0000e+00,  0.0000e+00,
          4.6625e-03,  0.0000e+00,  0.0000e+00, -1.7960e-03,  0.0000e+00,
         -1.8561e-03,  7.9550e-03,  3.9692e-03,  9.9564e-03,  0.0000e+00,
         -4.7366e-05,  0.0000e+00,  0.0000e+00,  7.8635e-03,  0.0000e+00],
        [ 0.0000e+00,  0.0000e+00, -4.9210e-02,  8.3529e-02, -7.2897e-02,
          0.0000e+00,  5.4268e-02,  0.0000e+00,  0.0000e+00, -2.9290e-02,
          0.0000e+00,  0.0000e+00,  0.0000e+00,  0.0000e+00,  2.2577e-02,
         -4.1389e-02,  0.0000e+00,  0.0000e+00, -1.6972e-01,  0.0000e+00,
          3.6961e-02, -1.2483e-01,  9.6025e-03,  1.6218e-01,  0.0000e+00,
         -2.6457e-05,  0.0000e+00,  0.0000e+00, -4.9172e-02,  0.0000e+00],
        [ 0.0000e+00,  0.0000e+00,  0.0000e+00,  0.0000e+00,  0.0000e+00,
          0.0000e+00,  0.0000e+00,  0.0000e+00,  0.0000e+00,  0.0000e+00,
          0.0000e+00,  0.0000e+00,  0.0000e+00,  0.0000e+00,  0.0000e+00,
          0.0000e+00,  0.0000e+00,  0.0000e+00,  0.0000e+00,  0.0000e+00,
          0.0000e+00,  0.0000e+00,  0.0000e+00,  0.0000e+00,  0.0000e+00,
          0.0000e+00,  0.0000e+00,  0.0000e+00,  0.0000e+00,  0.0000e+00],
        [ 0.0000e+00,  0.0000e+00,  4.2088e-02,  1.5467e-02,  6.9321e-02,
          0.0000e+00,  8.7938e-03,  0.0000e+00,  0.0000e+00,  6.1697e-02,
          0.0000e+00,  6.8040e-03,  0.0000e+00,  0.0000e+00,  3.9536e-02,
          7.6683e-02,  0.0000e+00,  0.0000e+00,  1.3409e-01,  0.0000e+00,
         -5.4006e-03,  9.0521e-02, -8.3834e-03, -8.1183e-02,  0.0000e+00,
          4.4277e-02,  0.0000e+00,  0.0000e+00,  5.1448e-02,  0.0000e+00],
        [ 0.0000e+00,  0.0000e+00,  2.2260e-02,  1.3666e-02,  3.8393e-02,
          0.0000e+00,  1.4011e-02,  0.0000e+00,  0.0000e+00,  2.4116e-02,
          0.0000e+00,  1.2321e-03,  0.0000e+00,  0.0000e+00,  1.0121e-02,
          2.6710e-02,  0.0000e+00,  0.0000e+00,  2.5626e-02,  0.0000e+00,
          1.4037e-02,  8.1895e-03,  5.8274e-03, -1.8496e-03,  0.0000e+00,
          6.9775e-03,  0.0000e+00,  0.0000e+00,  1.7175e-02,  0.0000e+00],
        [ 0.0000e+00,  0.0000e+00, -1.4608e-01, -2.2793e-01, -3.8573e-01,
          0.0000e+00, -2.2952e-01,  0.0000e+00,  0.0000e+00, -1.6817e-01,
          0.0000e+00, -8.2049e-03,  0.0000e+00,  0.0000e+00, -5.9302e-02,
         -3.0343e-01,  0.0000e+00,  0.0000e+00, -9.7209e-04,  0.0000e+00,
         -3.1925e-01,  1.3053e-02, -1.1200e-01, -4.0156e-01,  0.0000e+00,
          3.9989e-04,  0.0000e+00,  0.0000e+00, -1.6261e-02,  0.0000e+00],
        [ 0.0000e+00,  0.0000e+00,  0.0000e+00,  0.0000e+00,  0.0000e+00,
          0.0000e+00,  0.0000e+00,  0.0000e+00,  0.0000e+00,  0.0000e+00,
          0.0000e+00,  0.0000e+00,  0.0000e+00,  0.0000e+00,  0.0000e+00,
          0.0000e+00,  0.0000e+00,  0.0000e+00,  0.0000e+00,  0.0000e+00,
          0.0000e+00,  0.0000e+00,  0.0000e+00,  0.0000e+00,  0.0000e+00,
          0.0000e+00,  0.0000e+00,  0.0000e+00,  0.0000e+00,  0.0000e+00],
        [ 0.0000e+00,  0.0000e+00,  0.0000e+00,  0.0000e+00,  0.0000e+00,
          0.0000e+00,  0.0000e+00,  0.0000e+00,  0.0000e+00,  0.0000e+00,
          0.0000e+00,  0.0000e+00,  0.0000e+00,  0.0000e+00,  0.0000e+00,
          0.0000e+00,  0.0000e+00,  0.0000e+00,  0.0000e+00,  0.0000e+00,
          0.0000e+00,  0.0000e+00,  0.0000e+00,  0.0000e+00,  0.0000e+00,
          0.0000e+00,  0.0000e+00,  0.0000e+00,  0.0000e+00,  0.0000e+00],
        [ 0.0000e+00,  0.0000e+00,  1.4880e-03,  1.8873e-03,  3.9358e-03,
          0.0000e+00,  2.5599e-03,  0.0000e+00,  0.0000e+00,  1.1714e-03,
          0.0000e+00,  8.9395e-04,  0.0000e+00,  0.0000e+00,  1.1071e-03,
          7.5382e-03,  0.0000e+00,  0.0000e+00,  3.3599e-03,  0.0000e+00,
          3.0257e-03, -5.1222e-05,  4.2401e-04,  2.0803e-03,  0.0000e+00,
          2.8102e-03,  0.0000e+00,  0.0000e+00,  4.5769e-03,  0.0000e+00],
        [ 0.0000e+00,  0.0000e+00, -9.8467e-03, -7.5126e-04, -9.8494e-03,
          0.0000e+00, -4.0806e-03,  0.0000e+00,  0.0000e+00, -8.4492e-03,
          0.0000e+00, -7.0408e-04,  0.0000e+00,  0.0000e+00, -2.7211e-04,
         -6.2199e-03,  0.0000e+00,  0.0000e+00, -4.8853e-03,  0.0000e+00,
         -6.5016e-03,  6.2507e-05, -2.5629e-03, -7.1246e-04,  0.0000e+00,
         -2.0008e-04,  0.0000e+00,  0.0000e+00, -6.3620e-03,  0.0000e+00],
        [ 0.0000e+00,  0.0000e+00,  1.6668e-04,  1.8452e-02,  3.7177e-03,
          0.0000e+00,  1.5983e-02,  0.0000e+00,  0.0000e+00,  1.4272e-02,
          0.0000e+00, -3.3391e-03,  0.0000e+00,  0.0000e+00, -1.0954e-03,
          6.0218e-03,  0.0000e+00,  0.0000e+00, -2.8428e-02,  0.0000e+00,
          4.0501e-02, -1.5844e-02,  9.9693e-03,  4.6781e-02,  0.0000e+00,
          1.7723e-03,  0.0000e+00,  0.0000e+00, -1.4471e-02,  0.0000e+00],
        [ 0.0000e+00,  0.0000e+00,  7.7443e-02,  1.7908e-02,  2.3944e-01,
          0.0000e+00,  1.9395e-02,  0.0000e+00,  0.0000e+00,  8.7943e-02,
          0.0000e+00, -8.6821e-03,  0.0000e+00,  0.0000e+00, -6.1165e-03,
          1.5656e-01,  0.0000e+00,  0.0000e+00,  1.7080e-01,  0.0000e+00,
          8.8333e-02,  1.3584e-01,  3.7423e-02, -3.2279e-03,  0.0000e+00,
          7.3732e-04,  0.0000e+00,  0.0000e+00,  3.2321e-02,  0.0000e+00],
        [ 0.0000e+00,  0.0000e+00, -3.5024e-03,  7.3056e-02,  3.9421e-02,
          0.0000e+00,  4.5239e-02,  0.0000e+00,  0.0000e+00,  3.8622e-02,
          0.0000e+00, -8.0818e-04,  0.0000e+00,  0.0000e+00,  5.1218e-02,
          4.3446e-02,  0.0000e+00,  0.0000e+00,  2.9513e-02,  0.0000e+00,
          9.0666e-03,  1.8380e-02,  1.4226e-03,  8.6958e-03,  0.0000e+00,
          4.4125e-02,  0.0000e+00,  0.0000e+00,  2.4355e-02,  0.0000e+00],
        [ 0.0000e+00,  0.0000e+00,  4.6516e-02, -4.5297e-02,  9.0409e-02,
          0.0000e+00,  5.7770e-02,  0.0000e+00,  0.0000e+00, -1.0100e-01,
          0.0000e+00,  1.1115e-03,  0.0000e+00,  0.0000e+00, -1.7336e-01,
         -1.9172e-02,  0.0000e+00,  0.0000e+00, -3.3545e-01,  0.0000e+00,
          2.0572e-01, -2.2092e-01,  1.0170e-01,  4.5455e-01,  0.0000e+00,
         -2.0524e-01,  0.0000e+00,  0.0000e+00, -1.2250e-01,  0.0000e+00],
        [ 0.0000e+00,  0.0000e+00,  4.8735e-02,  2.2401e-01,  1.9823e-01,
          0.0000e+00,  1.8409e-01,  0.0000e+00,  0.0000e+00,  1.8691e-01,
          0.0000e+00, -2.0847e-03,  0.0000e+00,  0.0000e+00,  1.4922e-01,
          1.8438e-01,  0.0000e+00,  0.0000e+00,  1.0837e-01,  0.0000e+00,
          1.4153e-01,  5.8478e-02,  3.6363e-02,  8.7801e-02,  0.0000e+00,
          1.2708e-01,  0.0000e+00,  0.0000e+00,  6.2377e-02,  0.0000e+00],
        [ 0.0000e+00,  0.0000e+00,  1.3543e-02, -1.3510e-01,  1.8809e-03,
          0.0000e+00, -7.0114e-02,  0.0000e+00,  0.0000e+00, -1.1231e-01,
          0.0000e+00, -3.0738e-03,  0.0000e+00,  0.0000e+00, -1.5211e-01,
         -6.2869e-02,  0.0000e+00,  0.0000e+00, -1.3943e-01,  0.0000e+00,
          3.5372e-02, -7.9052e-02,  3.3441e-02,  1.2782e-01,  0.0000e+00,
         -1.4967e-01,  0.0000e+00,  0.0000e+00, -7.3271e-02,  0.0000e+00],
        [ 0.0000e+00,  0.0000e+00, -3.6621e-02, -4.4769e-02, -5.9409e-02,
          0.0000e+00, -3.8413e-02,  0.0000e+00,  0.0000e+00, -3.1255e-02,
          0.0000e+00, -5.6487e-03,  0.0000e+00,  0.0000e+00, -1.7179e-02,
         -7.0085e-02,  0.0000e+00,  0.0000e+00, -6.7956e-03,  0.0000e+00,
         -5.4451e-02, -6.1718e-05, -1.4173e-02, -7.0743e-02,  0.0000e+00,
         -6.0825e-03,  0.0000e+00,  0.0000e+00, -1.8886e-02,  0.0000e+00],
        [ 0.0000e+00,  0.0000e+00,  6.7428e-02, -8.9880e-02,  5.6470e-02,
          0.0000e+00, -6.2097e-02,  0.0000e+00,  0.0000e+00, -2.3977e-02,
          0.0000e+00,  8.6766e-03,  0.0000e+00,  0.0000e+00, -6.9496e-02,
          4.4012e-02,  0.0000e+00,  0.0000e+00,  4.6853e-02,  0.0000e+00,
          8.2203e-03,  3.7114e-02,  7.0929e-03, -7.8513e-03,  0.0000e+00,
         -6.4952e-02,  0.0000e+00,  0.0000e+00,  1.9814e-02,  0.0000e+00],
        [ 0.0000e+00,  0.0000e+00,  4.0778e-02, -8.8388e-03,  1.3937e-01,
          0.0000e+00,  5.1955e-03,  0.0000e+00,  0.0000e+00,  5.5604e-02,
          0.0000e+00, -8.9457e-03,  0.0000e+00,  0.0000e+00, -1.1887e-02,
          8.9926e-02,  0.0000e+00,  0.0000e+00,  1.1990e-01,  0.0000e+00,
          5.8944e-02,  1.0365e-01,  2.1584e-02, -2.3858e-02,  0.0000e+00,
          1.4772e-03,  0.0000e+00,  0.0000e+00,  1.3029e-02,  0.0000e+00],
        [ 0.0000e+00,  0.0000e+00, -2.2239e-04, -3.0207e-04, -2.8137e-04,
          0.0000e+00, -2.8952e-04,  0.0000e+00,  0.0000e+00, -3.5547e-04,
          0.0000e+00,  0.0000e+00,  0.0000e+00,  0.0000e+00,  0.0000e+00,
         -4.6742e-04,  0.0000e+00,  0.0000e+00, -3.7760e-04,  0.0000e+00,
         -3.2444e-04, -7.2189e-04, -3.2815e-05, -1.9401e-04,  0.0000e+00,
         -5.3489e-05,  0.0000e+00,  0.0000e+00, -1.0019e-04,  0.0000e+00],
        [ 0.0000e+00,  0.0000e+00,  0.0000e+00,  0.0000e+00,  0.0000e+00,
          0.0000e+00,  0.0000e+00,  0.0000e+00,  0.0000e+00,  0.0000e+00,
          0.0000e+00,  0.0000e+00,  0.0000e+00,  0.0000e+00,  0.0000e+00,
          0.0000e+00,  0.0000e+00,  0.0000e+00,  0.0000e+00,  0.0000e+00,
          0.0000e+00,  0.0000e+00,  0.0000e+00,  0.0000e+00,  0.0000e+00,
          0.0000e+00,  0.0000e+00,  0.0000e+00,  0.0000e+00,  0.0000e+00],
        [ 0.0000e+00,  0.0000e+00,  2.7268e-02,  1.4852e-02,  9.6615e-02,
          0.0000e+00,  4.1903e-03,  0.0000e+00,  0.0000e+00,  2.9534e-02,
          0.0000e+00, -1.6247e-03,  0.0000e+00,  0.0000e+00,  0.0000e+00,
          6.8669e-02,  0.0000e+00,  0.0000e+00,  7.0043e-02,  0.0000e+00,
          2.3794e-02,  6.8313e-02,  1.1702e-02,  4.4057e-03,  0.0000e+00,
         -2.7915e-04,  0.0000e+00,  0.0000e+00,  1.6416e-02,  0.0000e+00],
        [ 0.0000e+00,  0.0000e+00,  1.5131e-02,  2.7378e-02,  4.5952e-02,
          0.0000e+00,  2.6012e-02,  0.0000e+00,  0.0000e+00,  1.9535e-02,
          0.0000e+00,  0.0000e+00,  0.0000e+00,  0.0000e+00,  6.3606e-03,
          3.5246e-02,  0.0000e+00,  0.0000e+00,  0.0000e+00,  0.0000e+00,
          3.8146e-02, -5.3216e-08,  1.3381e-02,  4.7566e-02,  0.0000e+00,
         -4.3826e-06,  0.0000e+00,  0.0000e+00, -7.2378e-07,  0.0000e+00],
        [ 0.0000e+00,  0.0000e+00, -1.0932e-01, -1.0851e-02, -2.1831e-01,
          0.0000e+00, -5.6888e-02,  0.0000e+00,  0.0000e+00, -2.2566e-02,
          0.0000e+00, -6.6402e-03,  0.0000e+00,  0.0000e+00,  8.1905e-02,
         -1.3335e-01,  0.0000e+00,  0.0000e+00,  5.8829e-02,  0.0000e+00,
         -1.7433e-01,  2.2278e-02, -7.6184e-02, -2.7304e-01,  0.0000e+00,
          1.0500e-01,  0.0000e+00,  0.0000e+00,  8.3854e-03,  0.0000e+00]])
epoch:2
-->name:fc2.bias-->grad_requirs:True -->grad_value:tensor([ 2.5168e-03, -2.9859e-05,  2.0915e-02, -1.7936e-03,  1.7279e-02,
        -3.6471e-02,  7.3132e-04,  1.2475e-03,  0.0000e+00,  3.8249e-03,
         2.2702e-03, -2.8618e-02,  0.0000e+00,  0.0000e+00,  2.8222e-04,
        -6.2692e-04,  1.8316e-03,  9.7291e-03,  4.3896e-03,  3.2344e-03,
         2.0057e-02, -6.5883e-03, -5.0956e-03, -1.9734e-03,  5.2984e-03,
        -3.4717e-05,  0.0000e+00,  3.7588e-03,  3.3528e-03, -1.0298e-02])
epoch:2
-->name:fc3.weight-->grad_requirs:True -->grad_value:tensor([[ 1.3023e-04, -1.3631e-04, -8.5511e-02, -1.1877e-01,  3.0933e-04,
         -5.7369e-02,  7.8956e-07, -8.9251e-02,  0.0000e+00, -3.7980e-01,
         -4.5884e-02, -2.7986e-01,  0.0000e+00,  0.0000e+00,  2.4467e-06,
         -5.2251e-04, -2.1253e-01, -1.1343e-01, -2.8667e-01, -2.0788e-01,
          4.7942e-04, -9.1212e-02, -6.4357e-05, -1.1036e-01, -4.1028e-02,
         -4.0875e-05,  0.0000e+00, -1.1948e-02,  6.1820e-05, -1.7420e-01],
        [-1.5375e-02,  6.9223e-12, -3.6309e-02, -2.3323e-02, -1.5900e-02,
          1.4151e-07,  1.2250e-10,  1.0411e-03,  0.0000e+00, -5.9280e-03,
          7.0061e-06, -1.7277e-02,  0.0000e+00,  0.0000e+00, -2.2550e-02,
          3.1351e-06, -3.3660e-02, -5.0418e-02,  1.5456e-05,  4.6778e-04,
         -6.0981e-02, -6.1103e-02, -5.5099e-03, -1.6517e-03, -1.2930e-02,
          1.0949e-08,  0.0000e+00,  4.3805e-06,  1.5161e-04, -3.3788e-02],
        [-3.5278e-01,  1.1220e-04,  1.2997e-01,  2.9153e-01, -5.1178e-02,
         -4.1246e-02,  1.3578e-06,  2.3515e-01,  0.0000e+00, -1.8499e-01,
         -2.3639e-02,  1.5182e-01,  0.0000e+00,  0.0000e+00,  7.2827e-03,
          6.3020e-04,  2.5632e-01,  3.4779e-01,  1.7296e-02, -2.3293e-01,
          1.1050e-01,  3.1512e-01,  3.7142e-02,  1.8713e-01,  1.0920e-02,
          1.7650e-04,  0.0000e+00,  1.5187e-02,  3.0598e-02, -2.7641e-01],
        [ 4.3897e-01,  2.9858e-08,  3.0933e-01,  2.2872e-02,  2.0619e-01,
          5.2164e-02,  2.9149e-08,  1.0474e-02,  0.0000e+00,  4.2341e-01,
          3.9941e-02,  3.7517e-02,  0.0000e+00,  0.0000e+00,  1.4480e-03,
          2.8148e-03,  5.5041e-02,  3.3113e-02,  5.5845e-02,  3.7149e-01,
          1.1424e-01,  1.2371e-01,  3.7112e-03,  2.2659e-02,  1.3193e-02,
          3.8056e-08,  0.0000e+00,  3.6023e-03,  1.4362e-03,  5.1963e-01],
        [-1.4432e-03,  3.3768e-10,  7.5560e-04,  1.7266e-03,  1.1976e-02,
          1.4903e-04, -6.1201e-04,  1.8991e-02,  0.0000e+00,  4.4678e-04,
          5.8491e-06,  6.8996e-03,  0.0000e+00,  0.0000e+00, -5.2713e-05,
          5.0310e-06,  9.1996e-03, -1.3862e-03, -1.7196e-04,  8.6621e-03,
          4.6879e-03,  6.0021e-04,  7.4010e-06,  8.8362e-03,  3.3825e-03,
          2.2475e-06,  0.0000e+00,  3.3769e-03,  3.6757e-06,  1.3912e-02],
        [-9.0509e-02,  4.8519e-06, -3.5848e-01, -2.0800e-01, -1.6291e-01,
          3.8276e-02,  2.4730e-07, -1.7832e-01,  0.0000e+00,  6.9537e-02,
          2.6922e-02,  4.4738e-02,  0.0000e+00,  0.0000e+00,  7.0623e-05,
         -6.4156e-03, -1.1103e-01, -2.6767e-01,  1.6278e-01,  3.9881e-02,
         -1.7649e-01, -3.3632e-01, -4.2082e-02, -1.1886e-01,  1.6157e-02,
          1.4669e-05,  0.0000e+00,  1.9958e-03, -3.4925e-02, -9.1895e-02],
        [ 6.1504e-03,  1.5929e-10,  9.0264e-03,  2.1203e-03,  1.2262e-02,
         -3.5242e-03,  3.9740e-07,  1.6329e-03,  0.0000e+00,  2.5541e-03,
          1.3509e-03, -7.4282e-03,  0.0000e+00,  0.0000e+00,  6.0109e-04,
          5.7556e-06,  1.0776e-02,  2.6779e-03, -1.1640e-02,  3.6630e-03,
          6.7542e-03,  1.4535e-02,  3.0090e-03, -8.5952e-03,  1.6269e-03,
         -1.5882e-04,  0.0000e+00, -1.6575e-02,  2.5729e-03,  1.6566e-02],
        [ 5.8951e-03,  1.3348e-06,  5.3188e-03,  1.6209e-03,  3.4257e-03,
          3.6390e-05,  4.3123e-06,  1.1781e-04,  0.0000e+00,  2.0511e-03,
          1.9559e-05,  1.3230e-03,  0.0000e+00,  0.0000e+00,  4.2499e-03,
         -3.2481e-04,  3.9086e-03,  5.0357e-03,  3.2316e-05,  2.6177e-03,
          7.6186e-03,  7.3259e-03,  7.5285e-04,  7.8704e-04,  1.4883e-03,
          4.1053e-07,  0.0000e+00,  2.8814e-05,  9.8400e-06,  4.9504e-03],
        [ 7.3837e-03,  8.0558e-07,  2.5769e-02,  3.1185e-02,  8.0176e-03,
          1.1440e-02,  4.5716e-05,  1.8848e-02,  0.0000e+00,  7.2179e-02,
          1.2241e-03,  6.8468e-02,  0.0000e+00,  0.0000e+00,  8.8535e-03,
          3.7146e-03,  3.0843e-02,  4.2102e-02,  6.1631e-02,  2.2290e-02,
         -2.0428e-03,  2.7242e-02,  3.0082e-03,  2.8476e-02,  1.0742e-02,
          5.6009e-07,  0.0000e+00,  7.4874e-03,  9.0131e-05,  3.4715e-02],
        [ 1.5860e-03,  1.7089e-05,  1.2619e-04, -9.6165e-04, -1.2201e-02,
          7.3432e-05,  5.5916e-04, -1.8677e-02,  0.0000e+00,  5.4119e-04,
          5.2922e-05, -6.2001e-03,  0.0000e+00,  0.0000e+00,  9.4791e-05,
          8.9440e-05, -8.8599e-03,  2.1841e-03,  8.7592e-04, -8.2632e-03,
         -4.7602e-03,  1.0089e-04,  2.5570e-05, -8.4138e-03, -3.5522e-03,
          5.2585e-06,  0.0000e+00, -3.1596e-03,  1.5857e-06, -1.3483e-02]])
epoch:2
-->name:fc3.bias-->grad_requirs:True -->grad_value:tensor([-0.0248, -0.0058,  0.0190,  0.0395,  0.0013, -0.0362,  0.0012,  0.0008,
         0.0062, -0.0012])