
epoch:1
fc1.weight
tensor([[-0.0179,  0.0170,  0.0140,  ...,  0.0356, -0.0129,  0.0144],
        [ 0.0256,  0.0308, -0.0012,  ...,  0.0156, -0.0111,  0.0320],
        [-0.0334,  0.0041,  0.0087,  ..., -0.0272, -0.0118, -0.0247],
        ...,
        [-0.0196, -0.0011,  0.0182,  ...,  0.0201,  0.0195,  0.0405],
        [-0.0239, -0.0182,  0.0109,  ..., -0.0284, -0.0263, -0.0349],
        [-0.0069,  0.0055, -0.0115,  ..., -0.0083, -0.0084,  0.0016]])
epoch:1
fc1.bias
tensor([ 0.0051, -0.0077, -0.0050,  0.0120,  0.0453,  0.0200,  0.0337,  0.0072,
         0.0227, -0.0103, -0.0080, -0.0400, -0.0062,  0.0250, -0.0152,  0.0147,
        -0.0400, -0.0315,  0.0486,  0.0218,  0.0269, -0.0167, -0.0201,  0.0082,
        -0.0126,  0.0136,  0.0176, -0.0362,  0.0176,  0.0019])
epoch:1
fc2.weight
tensor([[-1.4341e-01, -1.3880e-02,  1.2150e-01,  1.9316e-01, -9.9553e-02,
         -8.8540e-02,  1.5102e-02,  9.6777e-02,  4.2096e-02,  1.9532e-01,
         -7.2183e-02, -2.4508e-01,  2.4534e-02, -2.8746e-03,  3.5779e-01,
          5.2000e-02, -1.3811e-02, -1.1838e-01, -6.8842e-02,  4.5302e-02,
          1.6004e-01, -1.8509e-01, -2.5530e-02, -1.5719e-01, -1.6260e-01,
          3.6331e-01,  2.9994e-02, -1.6840e-01,  1.7130e-01,  1.7305e-01],
        [-4.5069e-03,  1.2170e-01, -1.4576e-01, -3.5802e-02, -5.8735e-03,
         -1.5509e-01, -1.0229e-01, -3.0524e-02,  1.8138e-02, -9.1326e-02,
         -6.1214e-02, -1.6365e-01, -6.5546e-02,  6.8927e-02, -9.3233e-02,
         -1.8286e-01,  3.2603e-03, -6.1870e-02,  6.8895e-02,  2.8696e-02,
         -1.3589e-01,  5.5903e-02,  2.2987e-02,  3.0533e-02,  1.1598e-01,
         -1.1537e-01,  1.3209e-02,  1.7403e-01,  4.1532e-02, -1.2399e-01],
        [-1.5621e-01, -1.2609e-01,  1.1664e-02, -1.1268e-02,  6.9530e-02,
         -5.9558e-02,  9.0924e-02, -7.8326e-02,  9.2812e-02,  5.3446e-02,
         -1.9489e-02, -3.3000e-01, -1.1255e-01,  9.2884e-02,  3.1867e-01,
          1.0597e-01,  1.1193e-01, -2.1590e-02,  1.7132e-01, -1.3399e-01,
          2.8931e-01, -2.3903e-01, -6.4832e-02,  5.0077e-02,  7.7495e-02,
          7.7746e-02, -1.5646e-01,  1.2729e-01, -2.8724e-01,  1.8587e-01],
        [-8.1378e-02, -1.4112e-01,  2.1524e-01, -3.8544e-02,  1.8804e-01,
         -8.2962e-02,  3.0741e-02,  9.6888e-02, -5.2638e-02, -1.5116e-01,
          1.4255e-01,  1.9218e-01,  6.8896e-02,  1.4518e-01,  1.2347e-01,
         -1.4507e-01,  1.1334e-01, -9.3835e-03, -6.8321e-02,  1.1495e-01,
          2.2327e-01,  2.9246e-01,  1.0715e-01,  6.6362e-02,  1.4603e-01,
         -4.1825e-02,  1.3612e-01, -1.5927e-02, -2.8514e-01,  1.8741e-01],
        [-1.3168e-01, -4.2228e-02, -1.7521e-01,  2.5883e-01, -2.1154e-02,
          9.5752e-02,  9.1159e-02,  5.2402e-03,  8.7570e-02,  8.0411e-02,
          1.0779e-01, -8.7826e-02, -9.2351e-02, -1.4659e-02,  1.8178e-01,
         -1.6704e-01,  1.4386e-01, -2.5143e-03, -1.9180e-01,  1.2207e-01,
         -1.9822e-01, -1.6958e-01, -4.0278e-02,  2.9784e-01, -1.1034e-01,
          2.5709e-01, -1.4013e-01,  7.8807e-02,  1.4525e-01, -1.5600e-01],
        [ 1.1319e-01,  2.1156e-02, -4.8944e-02, -1.6767e-02, -2.6827e-02,
          6.4653e-02,  6.8352e-02,  1.8215e-01, -7.0542e-02,  3.5894e-03,
         -9.4161e-02,  9.5424e-02, -1.7155e-01, -3.3392e-02, -8.5623e-02,
         -1.8786e-01,  4.0082e-02,  2.8969e-03,  1.6480e-01,  1.6886e-01,
          6.9994e-02,  2.4754e-01,  1.0473e-01, -7.9532e-02, -3.7677e-02,
         -5.0479e-02, -3.1437e-02, -4.3890e-02, -2.8671e-01, -1.0144e-01],
        [-7.1407e-02,  2.2545e-04,  9.5707e-02, -8.9656e-02,  1.2250e-02,
         -1.7188e-01,  1.4697e-01, -7.5980e-02,  1.4530e-01, -4.8187e-02,
          4.9035e-02, -7.2820e-02, -9.7832e-02,  1.0312e-02, -2.8771e-01,
         -2.6317e-01,  1.2366e-01,  1.4166e-01, -2.8572e-01,  1.5519e-02,
         -1.9002e-01,  1.5825e-01, -1.3138e-01, -6.6356e-02,  9.1469e-02,
          3.0509e-02,  1.7757e-01, -1.3281e-01,  1.2327e-02, -5.9336e-02],
        [ 7.4695e-02,  1.3894e-01, -1.1963e-01, -2.2130e-02,  2.5446e-01,
          1.3423e-01,  1.4240e-01, -1.0655e-02,  5.3896e-02, -1.0498e-01,
          1.1798e-01,  6.0647e-02, -9.5072e-02,  1.3222e-01, -2.5975e-01,
         -1.3155e-01,  2.2597e-02, -1.5772e-02, -7.7486e-02, -9.2855e-02,
         -2.0684e-01,  3.6707e-01,  1.9381e-01,  3.0686e-01,  7.7779e-02,
         -2.6581e-02, -8.6427e-02,  1.3714e-01, -4.9690e-02, -8.6489e-03],
        [ 4.2268e-02,  1.4828e-01, -9.0487e-02, -7.6060e-02, -1.6820e-01,
          4.2451e-02, -1.9640e-01, -2.2495e-02, -9.1050e-02, -1.7901e-01,
         -5.7259e-02, -1.3251e-01, -1.2381e-02,  1.3189e-01, -2.9193e-02,
         -1.5340e-01,  9.3041e-02, -1.6431e-01,  1.5070e-01, -1.7538e-01,
         -1.5575e-01, -1.1568e-01,  1.5031e-01,  8.5478e-02, -6.0141e-03,
         -3.8218e-02,  1.7024e-01, -1.0629e-02,  1.3587e-01, -1.8239e-01],
        [ 1.6001e-01, -5.7411e-03, -2.5492e-02,  2.3631e-02,  1.9963e-01,
          8.3592e-02, -4.0162e-02, -1.6164e-01, -2.5984e-03,  5.7956e-02,
          1.6155e-01, -2.2684e-01,  1.0073e-01, -3.9535e-03, -5.1476e-02,
          2.9046e-01, -1.1526e-02, -7.8836e-02,  2.9964e-01,  6.2676e-02,
          2.6609e-01, -7.0364e-02,  9.9248e-02, -3.7764e-01,  8.0284e-02,
          3.7317e-01, -1.0875e-01, -9.3696e-02, -4.7638e-02,  9.2086e-02],
        [ 1.6189e-01,  8.6058e-02,  2.7471e-01, -2.4690e-02,  1.4660e-01,
          9.0366e-02, -7.5348e-02, -4.8807e-02, -1.2905e-01, -1.3306e-01,
         -2.9484e-02, -2.4942e-01,  1.6237e-01, -9.3277e-02,  1.7580e-01,
         -1.2552e-01,  1.3325e-01,  1.7208e-01,  3.2508e-02, -1.1227e-01,
         -3.1219e-02,  1.2605e-01, -2.9144e-01, -4.7890e-02,  1.4998e-01,
          1.0993e-01,  4.8388e-03,  1.5949e-01, -7.9020e-02,  1.3995e-01],
        [ 1.4423e-01,  1.2062e-01,  1.5430e-01, -1.6386e-01,  2.0778e-01,
         -8.7602e-02,  1.1963e-02, -7.0237e-02,  1.3036e-01,  5.2854e-02,
         -5.0535e-02,  2.8858e-01, -1.1441e-01, -4.6420e-02, -2.3492e-01,
         -8.8642e-02, -1.4355e-01,  1.1767e-02, -2.1199e-02,  1.2874e-01,
          1.3620e-01,  2.3314e-01,  2.1596e-01, -2.1394e-01, -1.3620e-01,
          1.9133e-02,  2.0183e-02,  1.2587e-02,  2.6683e-01,  1.4257e-01],
        [-6.3597e-02, -1.5999e-01, -8.5954e-02,  6.0833e-03, -2.0442e-01,
          5.9383e-02, -1.3966e-01,  2.4727e-02,  1.2491e-01, -1.5274e-01,
          9.6768e-02, -1.5807e-01,  9.8336e-02, -1.0177e-02, -1.8485e-01,
          1.6558e-02,  4.4390e-02, -1.6456e-01, -7.0228e-02,  1.6149e-01,
         -1.9211e-01,  1.0011e-01,  4.2825e-02, -1.6427e-01,  1.5767e-01,
         -1.0637e-01, -8.2332e-03,  5.8089e-02, -8.5940e-02,  1.6492e-01],
        [-8.8208e-02, -1.4271e-01,  8.1643e-02, -1.2853e-02, -3.9801e-02,
          5.2580e-02, -2.0972e-01, -1.3551e-01, -1.4179e-02, -1.0416e-01,
          1.7036e-01, -1.5720e-01,  1.5944e-01,  4.8833e-02,  7.4480e-02,
         -1.2931e-01,  9.1836e-02, -2.2245e-02,  8.6610e-04, -1.6469e-01,
         -1.6761e-01, -1.0580e-02, -3.9270e-02, -9.9608e-02, -1.0718e-02,
         -1.5230e-01,  2.7540e-02, -1.0475e-01,  2.7298e-02,  1.5373e-01],
        [-1.6159e-02,  1.1970e-01,  3.5757e-02,  8.1588e-02, -2.9962e-01,
         -9.9123e-02, -5.3982e-02, -8.1418e-02,  8.0582e-02, -4.3972e-02,
         -4.5321e-02,  3.9205e-02, -1.9519e-02, -5.7045e-02, -4.6479e-02,
         -2.9634e-02,  1.1186e-01,  1.6613e-01,  1.2721e-01,  9.1934e-02,
          1.4721e-01, -1.4477e-01, -2.3449e-01,  1.6981e-01,  1.7245e-01,
         -6.6499e-02,  2.2781e-02, -9.6448e-02,  1.1594e-01,  9.5780e-02],
        [-1.5331e-01,  8.1940e-02,  2.2555e-01,  2.7735e-01, -1.2731e-01,
         -1.1872e-01, -2.1209e-02,  1.5742e-02, -3.5442e-02,  2.4169e-01,
          1.3215e-01,  5.0367e-02, -1.3564e-01,  1.7633e-01, -1.5718e-01,
         -3.9998e-01, -1.1226e-01,  3.7178e-02, -2.5485e-02,  2.5581e-02,
         -1.3318e-01,  2.4223e-01, -6.0508e-02, -2.2862e-01,  4.7642e-02,
         -1.4022e-01,  7.8473e-02,  1.6660e-01,  5.7215e-02, -1.5145e-01],
        [ 1.0181e-01,  1.1398e-01,  7.3170e-02, -7.4193e-03,  2.0472e-01,
          1.0338e-01, -2.2541e-02,  1.3840e-01,  6.6859e-02, -2.1205e-01,
         -4.6174e-03, -1.4744e-01, -1.8848e-01,  1.3472e-01, -7.4398e-02,
          2.5367e-01,  3.1138e-02, -1.4930e-01,  2.1929e-01,  6.5292e-02,
         -3.7004e-02, -8.4495e-02,  1.8886e-01,  1.2715e-01, -6.1906e-02,
         -1.5087e-01,  1.6541e-01,  8.3200e-02,  2.4205e-01,  2.5421e-02],
        [-1.4064e-01,  3.0901e-02, -2.3622e-02, -2.3208e-01, -1.3496e-01,
          9.4427e-02,  9.2181e-02, -8.2168e-02,  1.2549e-01,  2.1154e-01,
         -7.3441e-02,  2.3633e-01, -7.7116e-02,  1.1190e-02, -7.2726e-02,
          2.2932e-01, -5.2218e-02, -3.6287e-02, -1.1547e-01,  1.4504e-01,
          2.7889e-01,  2.1241e-02,  7.0789e-02,  2.0425e-01, -2.2738e-03,
         -2.0800e-01,  4.4384e-02,  9.1859e-02, -9.3538e-02,  1.5805e-01],
        [-4.9477e-02,  1.2467e-01,  1.5341e-01, -2.7290e-01,  2.6673e-01,
         -5.4926e-02,  1.1855e-01,  1.6392e-01, -1.8255e-01,  1.0984e-01,
          1.0029e-02,  4.7917e-02,  8.2015e-02, -8.2127e-02, -1.1516e-01,
         -1.3826e-01, -1.5370e-01, -1.3984e-02,  2.6651e-01, -1.3295e-01,
          3.5228e-02,  1.0516e-01, -3.5296e-02, -1.9583e-01,  1.1425e-01,
          1.7307e-01,  6.2049e-02,  8.0326e-02, -2.3489e-02,  1.0313e-01],
        [-1.6994e-01,  1.0903e-01, -1.8011e-01,  2.2232e-01,  4.5168e-03,
          1.1447e-01,  1.9294e-01,  6.3386e-02, -1.1211e-01,  1.5964e-01,
          1.0216e-01, -2.8467e-01, -3.3121e-02,  1.1814e-01,  2.2153e-01,
         -5.8458e-02,  4.6103e-02,  9.1745e-02,  3.4619e-01,  1.8499e-01,
         -1.8312e-01,  7.9744e-02, -2.4152e-02, -1.6445e-01, -1.4558e-01,
         -2.6971e-01, -1.4760e-01, -1.3466e-01, -5.9115e-02,  1.3078e-01],
        [ 1.1622e-01,  1.4420e-01,  2.8460e-01, -5.7795e-02,  1.2928e-01,
          3.1229e-02,  1.6373e-01,  1.7533e-01, -1.7271e-01, -1.2791e-02,
         -9.4057e-02, -6.5088e-02,  1.0962e-01, -1.1727e-01,  7.0786e-02,
          4.3293e-02,  4.4975e-02, -1.0652e-01, -2.4603e-02, -1.0854e-01,
         -3.2006e-01, -5.9928e-01, -2.0508e-01,  1.5087e-01, -1.0999e-03,
          1.2730e-01,  1.3197e-01, -6.2433e-02,  3.1510e-01,  1.8271e-01],
        [-4.3227e-02, -1.1118e-02,  1.0081e-01,  7.6318e-02, -1.7167e-01,
          9.8948e-02,  8.6488e-02,  1.0053e-01,  1.8693e-01, -1.5008e-01,
         -5.2873e-02,  3.8196e-02,  5.6886e-02, -1.0332e-01,  2.9462e-01,
          2.8559e-01, -4.1047e-02,  1.4319e-01,  2.1544e-01, -1.4871e-01,
          2.5666e-01, -9.1209e-02,  1.8620e-01,  2.2466e-01,  1.0241e-01,
         -3.1972e-01, -7.0504e-02,  1.1519e-01, -3.2106e-01,  9.6537e-02],
        [ 1.0363e-01, -4.6830e-02,  1.1197e-01,  1.9867e-02, -1.6230e-01,
          7.4693e-02, -2.0177e-01,  4.9056e-03, -7.9157e-03, -1.9411e-01,
          1.4209e-01, -1.2749e-01,  1.5115e-03, -5.5387e-02, -1.9001e-01,
         -3.0903e-02, -1.3156e-01,  5.2659e-02, -6.2027e-03,  1.1335e-01,
          1.3180e-02, -3.7492e-02, -5.3082e-02,  4.6077e-02,  1.3224e-01,
          1.0355e-01,  4.8017e-02,  1.5551e-01, -1.3853e-01,  1.2672e-01],
        [-4.8076e-03,  5.5316e-02, -2.7221e-01, -2.0407e-02,  1.2677e-01,
          4.3498e-02,  1.8945e-01, -1.0535e-01,  7.3255e-02, -3.0919e-03,
          5.7074e-02, -1.7044e-01, -1.4318e-01,  1.6208e-01, -2.5943e-01,
         -2.9490e-02,  1.2134e-01, -8.3265e-02,  9.3391e-02, -9.0714e-02,
          3.7884e-02,  5.9722e-02,  2.4408e-01,  6.9045e-02,  1.4009e-01,
         -4.4577e-02, -7.5766e-02, -9.0784e-02,  1.3976e-01,  4.4725e-02],
        [-1.4325e-01,  5.9156e-03, -1.2134e-02,  1.8280e-02, -1.0311e-01,
         -1.0997e-01,  4.1389e-02,  2.4860e-02, -1.2552e-01,  6.7560e-02,
          1.6348e-01,  3.1328e-01, -1.2452e-02, -1.7668e-02, -2.9751e-01,
          1.5946e-01, -1.3965e-01, -4.2341e-02,  9.0259e-02,  1.6065e-01,
         -1.1906e-01,  2.1432e-02,  2.0789e-01, -5.0161e-02,  8.3155e-02,
         -1.0121e-01,  1.2656e-01,  9.2085e-02,  3.7161e-01,  7.4925e-02],
        [-1.7259e-01, -3.6786e-02,  4.5290e-02, -1.0488e-01, -1.9748e-01,
          1.1897e-02,  5.0556e-02,  4.8777e-02, -9.0055e-02, -1.6846e-01,
          1.8044e-01,  1.0397e-01, -1.2629e-01,  1.2276e-01, -1.2835e-01,
         -9.0927e-03, -1.2761e-01, -2.6396e-02,  1.0931e-01, -3.5857e-02,
          4.0954e-02,  2.0743e-01, -3.7331e-02,  1.3042e-01, -1.6357e-01,
         -1.8443e-02, -1.7917e-01,  1.6977e-01,  1.5017e-02, -7.2598e-02],
        [ 1.0453e-01, -9.3685e-02, -7.3708e-03, -1.2841e-01, -8.0130e-02,
          6.0361e-02, -1.2946e-01, -1.0387e-01, -1.6911e-01, -1.6961e-01,
         -8.2329e-02,  1.3252e-01, -9.0847e-02, -1.2763e-01,  5.0803e-02,
         -9.7628e-02, -1.5898e-01,  6.5076e-02, -1.3466e-01,  1.4100e-01,
         -4.3240e-02, -1.2157e-01,  7.5630e-02,  2.3212e-04, -1.0758e-01,
         -1.8339e-02, -1.3546e-01,  1.3470e-01,  7.0336e-02, -1.3061e-01],
        [-6.6720e-02,  1.4357e-01, -1.4938e-01, -3.6765e-01,  1.9999e-01,
         -3.6894e-02,  1.6721e-01, -9.3992e-03, -7.5520e-02,  1.8753e-02,
         -1.6116e-01,  1.8515e-01, -1.9775e-02, -5.9755e-02, -3.3016e-01,
         -2.1939e-01, -7.6346e-02,  1.1805e-01, -6.9376e-02,  1.4910e-01,
          2.5300e-02, -5.6072e-03,  1.8170e-01,  1.2035e-02, -1.2539e-01,
          1.4310e-01,  4.5562e-02,  8.4875e-02,  1.1993e-01,  9.5196e-02],
        [-1.3511e-01,  1.7527e-01, -8.8782e-02,  8.3122e-02, -7.4777e-02,
         -8.1326e-02, -1.6852e-01,  1.3057e-01,  8.4112e-02, -9.8565e-02,
         -1.5888e-01,  9.1314e-02,  1.5119e-01, -1.6281e-01, -4.5329e-02,
         -1.4338e-01,  1.3614e-01, -1.4846e-01, -7.0701e-02, -9.4972e-02,
          1.2510e-01, -2.4775e-02, -8.8049e-02,  2.6363e-02,  8.7571e-02,
          1.3926e-01,  8.2621e-02,  1.1342e-01, -1.4463e-01, -7.5686e-02],
        [ 1.1322e-01,  1.0521e-02,  2.0809e-01,  4.0722e-01,  7.2356e-02,
          8.8854e-02, -8.0827e-02, -8.7247e-03, -8.8209e-03,  2.4518e-01,
          1.7543e-01,  3.8177e-01, -1.4615e-01,  1.2307e-01,  6.9763e-02,
         -7.0510e-02, -1.2833e-01,  2.0055e-02, -3.4443e-02,  3.8783e-02,
         -1.9681e-02,  2.5991e-01,  1.6754e-01, -1.7233e-01,  1.6971e-01,
          3.9540e-01, -2.4100e-02,  1.2998e-01,  1.3847e-02,  1.3207e-01]])
epoch:1
fc2.bias
tensor([-0.1139,  0.1485,  0.0191, -0.1076,  0.1768, -0.1078,  0.0481,  0.1427,
        -0.0058, -0.1156, -0.1163, -0.0003, -0.1988, -0.0554, -0.0006,  0.0514,
         0.1205, -0.1308, -0.0553,  0.1260, -0.0774, -0.1984, -0.1713,  0.1172,
        -0.0301, -0.1756,  0.1253,  0.0691, -0.1074,  0.0525])
epoch:1
fc3.weight
tensor([[-2.7145e-01,  6.5722e-02, -9.3381e-02,  2.3506e-01, -2.8630e-01,
          1.1250e-01, -1.5414e-01,  1.9410e-01, -3.9325e-02, -7.0853e-02,
         -1.9045e-01,  9.4397e-02, -1.5043e-01,  1.5350e-01, -2.4437e-01,
          1.5711e-01, -1.0636e-01, -4.2798e-01,  1.5833e-01,  2.5882e-01,
         -3.3893e-01,  6.8460e-02, -4.9052e-02, -1.0052e-01, -1.8789e-01,
         -9.6242e-02, -1.0908e-01, -1.1857e-01,  1.3747e-01,  1.6563e-01],
        [-5.3416e-02,  1.7250e-01, -1.4906e-01,  1.8244e-01, -2.8358e-01,
         -2.3666e-01,  1.4001e-02, -3.7834e-01,  6.0635e-02, -1.4690e-01,
         -3.2502e-01, -1.5412e-02,  2.8511e-02, -1.8155e-01,  9.2386e-02,
         -3.1258e-01,  8.1847e-02,  2.1212e-01, -3.6801e-01, -3.6651e-01,
         -2.6142e-02,  2.0712e-01,  1.3217e-01, -3.8745e-01,  1.1015e-01,
         -5.3565e-02, -1.6525e-01, -3.5740e-01,  2.1515e-02,  1.4487e-01],
        [ 8.7232e-02, -1.4940e-01,  2.4216e-01, -1.2168e-02,  1.2627e-01,
         -6.8231e-02, -2.9972e-01, -4.7865e-02, -3.9759e-02,  8.6110e-02,
          4.1333e-03, -3.4815e-01, -1.4654e-01, -1.0637e-01,  1.3611e-01,
          1.6494e-01, -1.1659e-01,  8.2969e-02,  3.7222e-02,  3.3741e-01,
         -2.4773e-01,  2.5680e-01, -2.0572e-02,  6.0897e-02, -2.0235e-01,
         -2.9504e-01, -7.8757e-02, -9.6541e-02, -1.3833e-01, -1.3113e-01],
        [ 2.5580e-01, -1.0207e-02,  2.5596e-01,  2.0714e-01,  1.0244e-01,
         -4.5161e-01, -7.5558e-02, -1.5230e-01,  1.2240e-01,  2.4181e-01,
         -3.0885e-02, -1.7829e-01,  1.5148e-01, -2.7771e-02, -2.1175e-01,
         -2.2706e-01, -1.4742e-01, -2.0496e-01,  1.4845e-01, -2.6266e-01,
          8.8208e-02, -1.8373e-01,  6.7238e-02, -1.8442e-01, -3.5750e-01,
         -1.1877e-01,  1.6920e-01, -2.6801e-01,  1.4169e-01,  1.7050e-01],
        [-2.4110e-01, -1.4546e-01, -1.2379e-01, -2.2149e-01, -8.2114e-02,
         -2.7468e-02,  4.2571e-02,  2.3350e-01,  9.9900e-02, -3.9594e-01,
         -8.9668e-02,  1.0453e-02, -1.5591e-01, -1.4805e-01, -2.5001e-01,
         -4.1825e-01, -1.3001e-01,  1.8493e-02,  2.6488e-01,  1.8290e-01,
          1.5504e-01, -1.7710e-01, -8.7088e-02,  4.3566e-02, -2.2593e-03,
         -3.9526e-02, -6.4285e-02,  3.6756e-01,  9.2016e-02, -3.3238e-01],
        [ 9.0618e-02,  1.5102e-01, -7.2601e-02, -1.8656e-01, -2.9388e-01,
         -4.3575e-01, -1.1919e-01, -2.2846e-01, -8.3819e-02,  2.0736e-01,
         -3.2221e-01,  1.8209e-01, -5.3127e-02,  8.9658e-02, -2.6278e-01,
         -4.3562e-02, -1.7933e-01,  2.1970e-02,  2.1513e-01, -3.0367e-01,
         -3.4958e-01, -1.0046e-02,  5.4798e-02,  7.8997e-02,  1.2985e-01,
          4.0421e-02,  1.5799e-01,  1.6583e-01, -1.9266e-01,  1.7815e-01],
        [-4.4352e-01, -1.1736e-01, -7.9965e-02,  2.3854e-01, -1.2120e-01,
         -6.8390e-02,  3.0387e-02,  2.3504e-01, -1.1212e-01,  2.2944e-02,
         -8.2465e-02, -6.7896e-02,  3.4224e-02,  1.9380e-02,  1.3751e-01,
          8.3551e-04,  1.3771e-01,  2.1806e-01, -6.7821e-02, -3.0189e-01,
         -3.8046e-01,  1.7508e-01, -1.7076e-01,  2.1928e-01, -1.9862e-01,
          1.0853e-01, -1.8577e-01,  1.0419e-01,  1.3455e-02, -2.9138e-01],
        [ 1.5021e-01, -1.4387e-02,  1.4094e-02, -2.5388e-01,  2.4283e-01,
         -2.9486e-02,  1.8099e-01, -1.5098e-01,  5.7221e-02, -5.3194e-01,
         -1.3496e-01, -9.6727e-02, -3.7703e-03, -8.6515e-02,  2.7031e-02,
          3.8833e-01, -3.7367e-01, -1.7337e-01, -1.1431e-01,  1.5424e-01,
          3.3767e-04,  1.7777e-01, -9.9068e-02,  1.1929e-02, -7.3113e-02,
         -3.4279e-01,  1.2678e-01, -4.5517e-02, -5.9756e-02,  9.9261e-02],
        [-1.9572e-02,  8.3538e-02, -8.7456e-02, -2.5954e-01, -2.5953e-01,
         -1.3479e-01, -2.9790e-01, -2.8816e-01, -1.5361e-01,  1.2776e-01,
         -1.3828e-01,  4.6098e-02,  8.2479e-02, -1.0067e-01, -4.1828e-02,
         -2.0810e-01,  2.7993e-01, -2.0069e-01, -1.1765e-01,  1.3107e-01,
          8.8016e-02,  1.4556e-02, -1.9671e-02,  1.6186e-01,  3.4095e-02,
         -5.2941e-02,  1.0574e-01, -3.2544e-01,  9.6487e-02, -7.5278e-02],
        [-1.4525e-02, -1.3210e-01, -4.3706e-01, -7.4665e-02,  3.1370e-01,
          6.9254e-02, -3.0097e-01,  2.9342e-01, -7.3210e-02, -9.6377e-02,
          1.2041e-01, -3.1322e-05, -1.8868e-02, -8.5479e-02, -1.9643e-01,
         -3.0780e-01,  8.0634e-02, -1.4413e-01, -1.5519e-01, -2.8002e-02,
         -4.9197e-02, -2.9729e-01,  6.0200e-02,  4.1392e-02,  6.7043e-02,
          1.1048e-02,  1.0380e-01, -1.1496e-01, -4.0577e-02,  1.5368e-01]])
epoch:1
fc3.bias
tensor([-0.0737, -0.1861,  0.0612,  0.0064,  0.1813, -0.0235,  0.1106,  0.1102,
         0.1287,  0.0579])
epoch:2
fc1.weight
tensor([[-0.0179,  0.0170,  0.0140,  ...,  0.0356, -0.0129,  0.0144],
        [ 0.0256,  0.0308, -0.0012,  ...,  0.0156, -0.0111,  0.0320],
        [-0.0349,  0.0026,  0.0072,  ..., -0.0287, -0.0133, -0.0262],
        ...,
        [-0.0196, -0.0011,  0.0182,  ...,  0.0201,  0.0195,  0.0405],
        [-0.0260, -0.0203,  0.0088,  ..., -0.0305, -0.0284, -0.0370],
        [-0.0069,  0.0055, -0.0115,  ..., -0.0083, -0.0084,  0.0016]])
epoch:2
fc1.bias
tensor([ 0.0051, -0.0077, -0.0035,  0.0121,  0.0421,  0.0200,  0.0232,  0.0072,
         0.0227, -0.0075, -0.0080, -0.0570, -0.0062,  0.0250, -0.0211,  0.0233,
        -0.0400, -0.0315,  0.0509,  0.0218,  0.0318, -0.0150, -0.0318,  0.0038,
        -0.0126,  0.0146,  0.0176, -0.0362,  0.0197,  0.0019])
epoch:2
fc2.weight
tensor([[-1.4341e-01, -1.3880e-02,  5.6084e-02,  1.9856e-01, -1.1053e-01,
         -8.8540e-02, -1.4376e-02,  9.6777e-02,  4.2096e-02,  1.6671e-01,
         -7.2183e-02, -3.6128e-01,  2.4534e-02, -2.8746e-03,  4.4503e-01,
          4.9306e-02, -1.3811e-02, -1.1838e-01, -1.1291e-01,  4.5302e-02,
          2.0082e-01, -1.8047e-01, -5.7220e-02, -2.0565e-01, -1.6260e-01,
          3.5457e-01,  2.9994e-02, -1.6840e-01,  1.5260e-01,  1.7305e-01],
        [-4.5069e-03,  1.2170e-01, -3.6820e-02, -1.9221e-02, -1.3602e-01,
         -1.5509e-01, -2.2208e-01, -3.0524e-02,  1.8138e-02, -1.0910e-01,
         -6.1214e-02, -1.9745e-01, -6.5546e-02,  6.8927e-02,  1.4307e-02,
         -1.4171e-01,  3.2603e-03, -6.1870e-02,  1.7847e-01,  2.8696e-02,
          6.4864e-03,  1.7158e-01, -2.8251e-02, -1.5135e-01,  1.1598e-01,
          9.0480e-02,  1.3209e-02,  1.7403e-01,  2.2690e-02, -1.2399e-01],
        [-1.5621e-01, -1.2609e-01, -2.9578e-03,  2.1699e-02,  7.0588e-02,
         -5.9558e-02,  9.7962e-02, -7.8326e-02,  9.2812e-02,  6.8652e-02,
         -1.9489e-02, -2.9991e-01, -1.1255e-01,  9.2884e-02,  3.2738e-01,
          1.1604e-01,  1.1193e-01, -2.1590e-02,  1.3831e-01, -1.3399e-01,
          2.5591e-01, -2.7372e-01, -2.1289e-01,  1.3467e-01,  7.7495e-02,
          1.2170e-01, -1.5646e-01,  1.2729e-01, -3.2436e-01,  1.8587e-01],
        [-8.1378e-02, -1.4112e-01,  2.1840e-01, -8.8071e-02,  2.1204e-01,
         -8.2962e-02,  4.6137e-02,  9.6888e-02, -5.2638e-02, -1.6713e-01,
          1.4255e-01,  2.3700e-01,  6.8896e-02,  1.4518e-01,  1.7935e-01,
         -1.7077e-01,  1.1334e-01, -9.3835e-03, -9.0272e-02,  1.1495e-01,
          2.1049e-01,  2.3308e-01,  1.2369e-01,  1.2421e-01,  1.4603e-01,
         -4.4510e-02,  1.3612e-01, -1.5927e-02, -2.9664e-01,  1.8741e-01],
        [-1.3168e-01, -4.2228e-02, -1.6100e-01,  2.4628e-01, -6.2819e-03,
          9.5752e-02,  9.7148e-02,  5.2402e-03,  8.7570e-02,  9.7082e-02,
          1.0779e-01, -3.9506e-02, -9.2351e-02, -1.4659e-02,  1.7701e-01,
         -1.5820e-01,  1.4386e-01, -2.5143e-03, -2.1370e-01,  1.2207e-01,
         -2.1189e-01, -1.2927e-01, -5.8592e-02,  3.1811e-01, -1.1034e-01,
          2.0788e-01, -1.4013e-01,  7.8807e-02,  1.7522e-01, -1.5600e-01],
        [ 1.1319e-01,  2.1156e-02, -1.1834e-01, -6.3572e-02,  3.9292e-02,
          6.4653e-02,  1.2697e-01,  1.8215e-01, -7.0542e-02,  7.9432e-02,
         -9.4161e-02,  6.4995e-02, -1.7155e-01, -3.3392e-02, -1.1374e-02,
         -3.0234e-01,  4.0082e-02,  2.8969e-03,  1.7734e-01,  1.6886e-01,
          5.7665e-02,  3.6838e-01,  6.4461e-02, -1.3163e-01, -3.7677e-02,
          1.0983e-01, -3.1437e-02, -4.3890e-02, -3.4190e-01, -1.0144e-01],
        [-7.1407e-02,  2.2545e-04,  1.5017e-01, -2.4573e-01,  3.4465e-02,
         -1.7188e-01,  1.8781e-01, -7.5980e-02,  1.4530e-01, -7.5747e-02,
          4.9035e-02, -1.6119e-01, -9.7832e-02,  1.0312e-02, -4.7624e-01,
         -3.0996e-01,  1.2366e-01,  1.4166e-01, -2.7387e-01,  1.5519e-02,
         -1.5343e-01,  2.4023e-01, -1.5343e-01, -4.5571e-02,  9.1469e-02,
         -1.5502e-02,  1.7757e-01, -1.3281e-01,  7.3859e-02, -5.9336e-02],
        [ 7.4695e-02,  1.3894e-01, -1.1566e-01, -2.9766e-02,  2.9040e-01,
          1.3423e-01,  1.1486e-01, -1.0655e-02,  5.3896e-02, -9.0560e-02,
          1.1798e-01, -2.1090e-03, -9.5072e-02,  1.3222e-01, -3.0618e-01,
         -1.2958e-01,  2.2597e-02, -1.5772e-02, -1.1841e-01, -9.2855e-02,
         -1.8995e-01,  3.2825e-01,  2.5422e-01,  2.9730e-01,  7.7779e-02,
         -5.4251e-02, -8.6427e-02,  1.3714e-01, -7.0199e-02, -8.6489e-03],
        [ 4.2268e-02,  1.4828e-01, -9.0487e-02, -7.6060e-02, -1.6820e-01,
          4.2451e-02, -1.9640e-01, -2.2495e-02, -9.1050e-02, -1.7901e-01,
         -5.7259e-02, -1.3251e-01, -1.2381e-02,  1.3189e-01, -2.9193e-02,
         -1.5340e-01,  9.3041e-02, -1.6431e-01,  1.5070e-01, -1.7538e-01,
         -1.5575e-01, -1.1568e-01,  1.5031e-01,  8.5478e-02, -6.0141e-03,
         -3.8218e-02,  1.7024e-01, -1.0629e-02,  1.3587e-01, -1.8239e-01],
        [ 1.6001e-01, -5.7411e-03,  1.7612e-02,  5.3049e-02,  1.8025e-01,
          8.3592e-02, -6.1477e-02, -1.6164e-01, -2.5984e-03,  8.7165e-02,
          1.6155e-01, -2.8319e-01,  1.0073e-01, -3.9535e-03, -8.8051e-02,
          2.7734e-01, -1.1526e-02, -7.8836e-02,  2.7744e-01,  6.2676e-02,
          2.6785e-01, -1.1216e-01,  4.8209e-02, -4.1790e-01,  8.0284e-02,
          4.6247e-01, -1.0875e-01, -9.3696e-02, -1.5861e-02,  9.2086e-02],
        [ 1.6189e-01,  8.6058e-02,  3.3493e-01, -4.2102e-02,  1.8224e-01,
          9.0366e-02, -1.4470e-02, -4.8807e-02, -1.2905e-01, -1.5123e-01,
         -2.9484e-02, -3.2993e-01,  1.6237e-01, -9.3277e-02,  2.0890e-01,
         -1.8090e-01,  1.3325e-01,  1.7208e-01, -4.5328e-04, -1.1227e-01,
         -2.3987e-02,  9.0618e-02, -5.0966e-01, -9.3032e-02,  1.4998e-01,
          1.2053e-01,  4.8388e-03,  1.5949e-01, -5.6744e-02,  1.3995e-01],
        [ 1.4423e-01,  1.2062e-01,  1.7662e-01, -2.0644e-01,  2.0684e-01,
         -8.7602e-02,  9.7987e-03, -7.0237e-02,  1.3036e-01,  4.4691e-02,
         -5.0535e-02,  2.9934e-01, -1.1441e-01, -4.6420e-02, -2.6602e-01,
         -6.4642e-02, -1.4355e-01,  1.1767e-02, -7.4349e-03,  1.2874e-01,
          1.8345e-01,  1.5679e-01,  3.0771e-01, -1.5936e-01, -1.3620e-01,
          7.0184e-02,  2.0183e-02,  1.2587e-02,  2.3198e-01,  1.4257e-01],
        [-6.3597e-02, -1.5999e-01, -1.1382e-01, -2.5531e-02, -2.3071e-01,
          5.9383e-02, -1.7121e-01,  2.4727e-02,  1.2491e-01, -1.8362e-01,
          9.6768e-02, -1.5807e-01,  9.8336e-02, -1.0177e-02, -1.8485e-01,
         -1.5070e-02,  4.4390e-02, -1.6456e-01, -1.0187e-01,  1.6149e-01,
         -2.2349e-01,  6.8446e-02,  4.2825e-02, -1.6427e-01,  1.5767e-01,
         -1.0637e-01, -8.2332e-03,  5.8089e-02, -1.1751e-01,  1.6492e-01],
        [-8.8208e-02, -1.4271e-01,  7.7755e-02, -1.4065e-02, -4.3030e-02,
          5.2580e-02, -2.1003e-01, -1.3551e-01, -1.4179e-02, -1.0717e-01,
          1.7036e-01, -1.5815e-01,  1.5944e-01,  4.8833e-02,  7.4360e-02,
         -1.2945e-01,  9.1836e-02, -2.2245e-02,  7.4540e-04, -1.6469e-01,
         -1.6761e-01, -4.2075e-02, -3.9389e-02, -1.3060e-01, -1.0718e-02,
         -1.5230e-01,  2.7540e-02, -1.0475e-01,  2.4552e-02,  1.5373e-01],
        [-1.6159e-02,  1.1970e-01,  7.2930e-02,  5.5373e-02, -5.0393e-01,
         -9.9123e-02, -2.9307e-02, -8.1418e-02,  8.0582e-02, -1.9845e-03,
         -4.5321e-02, -1.2922e-01, -1.9519e-02, -5.7045e-02,  5.3727e-02,
          9.6902e-03,  1.1186e-01,  1.6613e-01,  3.4654e-02,  9.1934e-02,
          2.1077e-01, -2.8149e-01, -2.4235e-01,  2.2527e-01,  1.7245e-01,
         -3.0901e-02,  2.2781e-02, -9.6448e-02,  1.5087e-01,  9.5780e-02],
        [-1.5331e-01,  8.1940e-02,  2.6985e-01,  2.5161e-01, -9.2006e-02,
         -1.1872e-01, -3.8947e-02,  1.5742e-02, -3.5442e-02,  2.4717e-01,
          1.3215e-01,  1.9582e-01, -1.3564e-01,  1.7633e-01, -1.1382e-01,
         -4.2776e-01, -1.1226e-01,  3.7178e-02, -5.4520e-03,  2.5581e-02,
         -6.4578e-02,  2.1981e-01,  4.0674e-02, -2.4571e-01,  4.7642e-02,
         -1.4163e-01,  7.8473e-02,  1.6660e-01,  9.0869e-02, -1.5145e-01],
        [ 1.0181e-01,  1.1398e-01,  5.0425e-02, -1.5871e-03,  2.0251e-01,
          1.0338e-01, -3.7086e-02,  1.3840e-01,  6.6859e-02, -2.5306e-01,
         -4.6174e-03, -1.9366e-01, -1.8848e-01,  1.3472e-01, -1.3476e-01,
          2.2340e-01,  3.1138e-02, -1.4930e-01,  1.8558e-01,  6.5292e-02,
         -7.7415e-02, -1.6320e-01,  1.9618e-01,  9.4193e-02, -6.1906e-02,
         -1.6467e-01,  1.6541e-01,  8.3200e-02,  2.3696e-01,  2.5421e-02],
        [-1.4064e-01,  3.0901e-02, -8.7943e-03, -2.8774e-01, -1.2667e-01,
          9.4427e-02,  1.0264e-01, -8.2168e-02,  1.2549e-01,  2.4535e-01,
         -7.3441e-02,  2.3228e-01, -7.7116e-02,  1.1190e-02,  1.3670e-03,
          2.3271e-01, -5.2218e-02, -3.6287e-02, -1.1382e-01,  1.4504e-01,
          3.0584e-01,  6.8212e-02,  1.1909e-01,  1.5396e-01, -2.2738e-03,
         -2.3764e-01,  4.4384e-02,  9.1859e-02, -1.1463e-01,  1.5805e-01],
        [-4.9477e-02,  1.2467e-01,  1.5529e-01, -3.0862e-01,  2.3088e-01,
         -5.4926e-02,  1.2357e-01,  1.6392e-01, -1.8255e-01,  1.1960e-01,
          1.0029e-02,  4.1823e-02,  8.2015e-02, -8.2127e-02, -1.8352e-01,
         -1.3059e-01, -1.5370e-01, -1.3984e-02,  2.6591e-01, -1.3295e-01,
          3.1840e-02,  1.1612e-01, -6.0446e-02, -1.6009e-01,  1.1425e-01,
          2.0625e-01,  6.2049e-02,  8.0326e-02, -4.4946e-02,  1.0313e-01],
        [-1.6994e-01,  1.0903e-01, -1.5847e-01,  2.8234e-01,  6.3480e-02,
          1.1447e-01,  1.9622e-01,  6.3386e-02, -1.1211e-01,  1.5850e-01,
          1.0216e-01, -3.1937e-01, -3.3121e-02,  1.1814e-01,  2.1095e-01,
          6.2617e-03,  4.6103e-02,  9.1745e-02,  3.7886e-01,  1.8499e-01,
         -1.5420e-01,  1.1140e-01, -6.6120e-02, -1.2078e-01, -1.4558e-01,
         -2.9175e-01, -1.4760e-01, -1.3466e-01, -6.2751e-02,  1.3078e-01],
        [ 1.1622e-01,  1.4420e-01,  3.5062e-01, -4.5488e-02,  1.2641e-01,
          3.1229e-02,  1.8763e-01,  1.7533e-01, -1.7271e-01, -2.7271e-02,
         -9.4057e-02, -7.4086e-02,  1.0962e-01, -1.1727e-01,  1.0892e-01,
          9.5936e-02,  4.4975e-02, -1.0652e-01, -4.5302e-02, -1.0854e-01,
         -3.3646e-01, -6.0916e-01, -2.4341e-01,  1.7097e-01, -1.0999e-03,
          1.1250e-01,  1.3197e-01, -6.2433e-02,  3.3402e-01,  1.8271e-01],
        [-4.3227e-02, -1.1118e-02,  7.0230e-02,  3.0179e-02, -1.5626e-01,
          9.8948e-02,  9.6591e-02,  1.0053e-01,  1.8693e-01, -1.9714e-01,
         -5.2873e-02,  6.8775e-02,  5.6886e-02, -1.0332e-01,  3.0781e-01,
          2.9028e-01, -4.1047e-02,  1.4319e-01,  2.6526e-01, -1.4871e-01,
          2.1458e-01, -1.5904e-01,  1.6029e-01,  2.3857e-01,  1.0241e-01,
         -2.5639e-01, -7.0504e-02,  1.1519e-01, -3.0745e-01,  9.6537e-02],
        [ 1.0363e-01, -4.6830e-02,  2.4116e-01,  1.1392e-01, -6.6933e-02,
          7.4693e-02, -1.7423e-01,  4.9056e-03, -7.9157e-03, -3.2808e-02,
          1.4209e-01, -1.4983e-01,  1.5115e-03, -5.5387e-02, -3.3142e-01,
          4.0847e-04, -1.3156e-01,  5.2659e-02, -5.0881e-02,  1.1335e-01,
          1.3322e-01,  6.2977e-03, -9.2627e-02,  5.5766e-02,  1.3224e-01,
          2.2862e-01,  4.8017e-02,  1.5551e-01, -1.2940e-01,  1.2672e-01],
        [-4.8076e-03,  5.5316e-02, -2.5101e-01, -5.5159e-02,  6.8040e-02,
          4.3498e-02,  2.6835e-01, -1.0535e-01,  7.3255e-02, -4.8223e-02,
          5.7074e-02, -1.3433e-01, -1.4318e-01,  1.6208e-01, -2.9731e-01,
         -3.7989e-02,  1.2134e-01, -8.3265e-02,  1.1620e-01, -9.0714e-02,
          1.4217e-01,  9.0513e-02,  1.5062e-01,  8.3643e-02,  1.4009e-01,
         -3.4929e-02, -7.5766e-02, -9.0784e-02,  1.6634e-01,  4.4725e-02],
        [-1.4325e-01,  5.9156e-03, -2.8804e-02, -2.6996e-02, -1.3805e-01,
         -1.0997e-01,  4.9524e-02,  2.4860e-02, -1.2552e-01,  5.5860e-02,
          1.6348e-01,  3.8612e-01, -1.2452e-02, -1.7668e-02, -3.0026e-01,
          1.1712e-01, -1.3965e-01, -4.2341e-02,  6.0693e-02,  1.6065e-01,
         -1.5172e-01,  2.3828e-02,  1.9183e-01, -6.1602e-02,  8.3155e-02,
         -8.9661e-02,  1.2656e-01,  9.2085e-02,  3.9356e-01,  7.4925e-02],
        [-1.7259e-01, -3.6786e-02, -1.1826e-01, -7.4994e-02, -3.0751e-01,
          1.1897e-02,  1.3897e-01,  4.8777e-02, -9.0055e-02, -2.5183e-01,
          1.8044e-01, -1.8056e-01, -1.2629e-01,  1.2276e-01, -2.3726e-01,
          6.5089e-03, -1.2761e-01, -2.6396e-02,  1.3812e-01, -3.5857e-02,
          8.4709e-02,  2.5286e-01, -5.1068e-02,  1.5423e-01, -1.6357e-01,
          6.8626e-02, -1.7917e-01,  1.6977e-01, -1.3769e-02, -7.2598e-02],
        [ 1.0453e-01, -9.3685e-02, -7.3708e-03, -1.2841e-01, -8.0130e-02,
          6.0361e-02, -1.2946e-01, -1.0387e-01, -1.6911e-01, -1.6961e-01,
         -8.2329e-02,  1.3252e-01, -9.0847e-02, -1.2763e-01,  5.0803e-02,
         -9.7628e-02, -1.5898e-01,  6.5076e-02, -1.3466e-01,  1.4100e-01,
         -4.3240e-02, -1.2157e-01,  7.5630e-02,  2.3212e-04, -1.0758e-01,
         -1.8339e-02, -1.3546e-01,  1.3470e-01,  7.0336e-02, -1.3061e-01],
        [-6.6720e-02,  1.4357e-01, -1.0947e-01, -3.7372e-01,  1.8663e-01,
         -3.6894e-02,  1.5398e-01, -9.3992e-03, -7.5520e-02,  2.8580e-02,
         -1.6116e-01,  2.0315e-01, -1.9775e-02, -5.9755e-02, -3.9447e-01,
         -1.8199e-01, -7.6346e-02,  1.1805e-01, -7.3716e-02,  1.4910e-01,
         -2.0254e-02,  7.8532e-03,  2.0057e-01,  2.9868e-02, -1.2539e-01,
          2.4677e-01,  4.5562e-02,  8.4875e-02,  1.5023e-01,  9.5196e-02],
        [-1.3511e-01,  1.7527e-01, -2.8425e-04,  1.2894e-01, -2.4588e-02,
         -8.1326e-02, -1.8580e-01,  1.3057e-01,  8.4112e-02, -6.5018e-02,
         -1.5888e-01,  8.5829e-02,  1.5119e-01, -1.6281e-01, -1.0898e-01,
         -1.1488e-01,  1.3614e-01, -1.4846e-01, -9.9867e-02, -9.4972e-02,
          1.5379e-01, -2.7062e-02, -8.2465e-02,  1.2748e-01,  8.7571e-02,
          1.3570e-01,  8.2621e-02,  1.1342e-01, -1.7227e-01, -7.5686e-02],
        [ 1.1322e-01,  1.0521e-02,  1.6232e-01,  4.2035e-01,  1.0003e-01,
          8.8854e-02, -9.2433e-02, -8.7247e-03, -8.8209e-03,  2.2888e-01,
          1.7543e-01,  4.7075e-01, -1.4615e-01,  1.2307e-01,  1.8505e-01,
         -9.5407e-02, -1.2833e-01,  2.0055e-02, -6.3982e-02,  3.8783e-02,
         -4.3825e-02,  2.5549e-01,  1.3864e-01, -1.2779e-01,  1.6971e-01,
          4.0761e-01, -2.4100e-02,  1.2998e-01,  4.9198e-03,  1.3207e-01]])
epoch:2
fc2.bias
tensor([-0.1427,  0.0863,  0.0255, -0.1133,  0.1982, -0.0908,  0.0686,  0.1325,
        -0.0058, -0.1139, -0.0937, -0.0032, -0.2296, -0.0584, -0.0117,  0.0427,
         0.1019, -0.1430, -0.0627,  0.1676, -0.0529, -0.2372, -0.0957,  0.1616,
        -0.0533, -0.1496,  0.1253,  0.0625, -0.0666,  0.0458])
epoch:2
fc3.weight
tensor([[-0.3493,  0.3327, -0.1430,  0.2224, -0.2420,  0.1489, -0.3296,  0.2047,
         -0.0393, -0.0317, -0.2990,  0.0458, -0.1252,  0.1532, -0.1818,  0.0626,
         -0.0385, -0.4311,  0.1440,  0.2572, -0.2546,  0.0910, -0.0705, -0.1098,
         -0.2644, -0.0272, -0.1091, -0.1552, -0.0196,  0.1520],
        [-0.0435, -0.0416, -0.1471,  0.1893, -0.3144, -0.4028,  0.1324, -0.4008,
          0.0606, -0.1601, -0.3235, -0.0156,  0.0285, -0.1817,  0.0690, -0.3559,
          0.0488,  0.2441, -0.3952, -0.3004, -0.0143,  0.2121,  0.1381, -0.4393,
          0.0971, -0.3485, -0.1653, -0.4051, -0.1518,  0.1508],
        [ 0.0840, -0.2352,  0.2365,  0.0147,  0.1104, -0.0237, -0.1538,  0.0300,
         -0.0398,  0.0940,  0.0253, -0.3750, -0.1466, -0.1065,  0.2381,  0.1716,
         -0.1213,  0.0720,  0.0284,  0.3504, -0.2642,  0.2434, -0.1307,  0.0336,
         -0.1477, -0.5097, -0.0788,  0.0051, -0.1118, -0.1443],
        [ 0.2577, -0.2663,  0.2762,  0.2414,  0.0854, -0.6630, -0.1458, -0.1864,
          0.1224,  0.2197,  0.0474, -0.1770,  0.1515, -0.0279, -0.2126, -0.2054,
         -0.1610, -0.2155,  0.1454, -0.2352,  0.0969, -0.1826,  0.2018, -0.1664,
         -0.3487, -0.0461,  0.1692, -0.2293,  0.1656,  0.1557],
        [-0.2363, -0.1280, -0.1517, -0.2917, -0.0996,  0.0843,  0.1350,  0.2019,
          0.0999, -0.4113, -0.2520,  0.0086, -0.1560, -0.1481, -0.3939, -0.4473,
         -0.1235,  0.0361,  0.2300,  0.2141,  0.1722, -0.1558, -0.1535,  0.0351,
          0.0337, -0.0509, -0.0643,  0.3456, -0.0717, -0.3750],
        [ 0.1395, -0.0705, -0.0442, -0.1242, -0.2333, -0.6659, -0.2659, -0.2069,
         -0.0838,  0.2416, -0.3888,  0.1898, -0.0533,  0.0891, -0.4609, -0.0096,
         -0.1955,  0.0311,  0.2233, -0.3391, -0.3882,  0.0265, -0.0548,  0.0836,
          0.1281,  0.1491,  0.1580,  0.1602, -0.1649,  0.2007],
        [-0.5099, -0.4903, -0.0957,  0.2239, -0.1785, -0.1050,  0.0188,  0.1952,
         -0.1121,  0.0617, -0.2146, -0.0413,  0.0342,  0.0194,  0.2315,  0.0429,
          0.1305,  0.2171, -0.0457, -0.3488, -0.5153,  0.1638, -0.2313,  0.2325,
         -0.2434,  0.1232, -0.1858,  0.1441, -0.0969, -0.2905],
        [ 0.1387, -0.0794,  0.0387, -0.3055,  0.2521, -0.0626,  0.3338, -0.1240,
          0.0572, -0.6222, -0.0816, -0.0955, -0.0038, -0.0866,  0.1003,  0.4187,
         -0.3589, -0.2690, -0.0759,  0.1482,  0.0088,  0.1816, -0.1916, -0.0718,
         -0.0799, -0.4964,  0.1268, -0.0866, -0.1828,  0.1030],
        [-0.0235, -0.1221, -0.0690, -0.2444, -0.2356, -0.1285, -0.2915, -0.3184,
         -0.1536,  0.1199, -0.1348,  0.0377,  0.0815, -0.1006, -0.0528, -0.1999,
          0.2882, -0.1843, -0.1098,  0.1179,  0.0827,  0.0106, -0.1872,  0.2238,
          0.0475, -0.0132,  0.1057, -0.3270, -0.0751, -0.0573],
        [-0.0142, -0.2757, -0.5320, -0.2421,  0.3169,  0.2425, -0.4563,  0.3070,
         -0.0732, -0.1585,  0.2268,  0.0302, -0.0441, -0.0857, -0.3244, -0.3057,
          0.0797, -0.1363, -0.1573, -0.0296, -0.0244, -0.3752, -0.0051,  0.0476,
          0.0566,  0.1000,  0.1038, -0.1387, -0.2587,  0.1610]])
epoch:2
fc3.bias
tensor([-0.1048, -0.2088,  0.0593,  0.0261,  0.1794, -0.0289,  0.0789,  0.0895,
         0.1741,  0.0735])